  0.103992E-06   0.331516E+39   0.349301E-05
  0.112460E-06   0.387707E+39   0.395910E-05
  0.121619E-06   0.453422E+39   0.448748E-05
  0.131522E-06   0.530276E+39   0.508625E-05
  0.142233E-06   0.620156E+39   0.576502E-05
  0.153815E-06   0.725271E+39   0.653429E-05
  0.166341E-06   0.848202E+39   0.740626E-05
  0.179887E-06   0.991969E+39   0.839458E-05
  0.194536E-06   0.116010E+40   0.951481E-05
  0.210378E-06   0.135674E+40   0.107845E-04
  0.227510E-06   0.158670E+40   0.122236E-04
  0.246037E-06   0.185564E+40   0.138548E-04
  0.266073E-06   0.217016E+40   0.157037E-04
  0.287740E-06   0.253799E+40   0.177992E-04
  0.311172E-06   0.296816E+40   0.201744E-04
  0.336512E-06   0.347125E+40   0.228665E-04
  0.363915E-06   0.405960E+40   0.259179E-04
  0.393550E-06   0.474767E+40   0.293765E-04
  0.425598E-06   0.555237E+40   0.332966E-04
  0.460257E-06   0.649345E+40   0.377399E-04
  0.497737E-06   0.759403E+40   0.427760E-04
  0.538270E-06   0.888115E+40   0.484842E-04
  0.582103E-06   0.103864E+41   0.549541E-04
  0.629506E-06   0.121468E+41   0.622874E-04
  0.680769E-06   0.142055E+41   0.705991E-04
  0.736207E-06   0.166132E+41   0.800203E-04
  0.796159E-06   0.194289E+41   0.906985E-04
  0.860994E-06   0.227218E+41   0.102802E-03
  0.931108E-06   0.265728E+41   0.116520E-03
  0.100693E-05   0.310764E+41   0.132068E-03
  0.108893E-05   0.363433E+41   0.149692E-03
  0.117761E-05   0.425028E+41   0.169669E-03
  0.127350E-05   0.497061E+41   0.192308E-03
  0.137721E-05   0.581302E+41   0.217972E-03
  0.148936E-05   0.679818E+41   0.247058E-03
  0.161065E-05   0.795028E+41   0.280028E-03
  0.174181E-05   0.929762E+41   0.317396E-03
  0.188365E-05   0.108733E+42   0.359750E-03
  0.203704E-05   0.127159E+42   0.407755E-03
  0.220293E-05   0.148708E+42   0.462169E-03
  0.238232E-05   0.173908E+42   0.523842E-03
  0.257632E-05   0.203378E+42   0.593745E-03
  0.278612E-05   0.237841E+42   0.672976E-03
  0.301301E-05   0.278144E+42   0.762783E-03
  0.325837E-05   0.325274E+42   0.864571E-03
  0.352371E-05   0.380389E+42   0.979942E-03
  0.381066E-05   0.444841E+42   0.111071E-02
  0.412098E-05   0.520211E+42   0.125893E-02
  0.445656E-05   0.608349E+42   0.142692E-02
  0.481948E-05   0.711415E+42   0.161734E-02
  0.521195E-05   0.831939E+42   0.183316E-02
  0.563638E-05   0.972875E+42   0.207778E-02
  0.609537E-05   0.113768E+43   0.235505E-02
  0.659174E-05   0.133039E+43   0.266932E-02
  0.712853E-05   0.155574E+43   0.302552E-02
  0.770903E-05   0.181924E+43   0.342925E-02
  0.833681E-05   0.212735E+43   0.388687E-02
  0.901571E-05   0.248762E+43   0.440555E-02
  0.974990E-05   0.290887E+43   0.499344E-02
  0.105439E-04   0.340142E+43   0.565981E-02
  0.114025E-04   0.397733E+43   0.641505E-02
  0.123310E-04   0.465068E+43   0.727105E-02
  0.133352E-04   0.543795E+43   0.824137E-02
  0.144212E-04   0.635839E+43   0.934119E-02
  0.155955E-04   0.743450E+43   0.105876E-01
  0.168655E-04   0.869259E+43   0.120005E-01
  0.182390E-04   0.101634E+44   0.136020E-01
  0.197242E-04   0.118828E+44   0.154170E-01
  0.213304E-04   0.138927E+44   0.174742E-01
  0.230675E-04   0.162423E+44   0.198062E-01
  0.249459E-04   0.189887E+44   0.224491E-01
  0.269774E-04   0.221989E+44   0.254449E-01
  0.291743E-04   0.259510E+44   0.288404E-01
  0.315500E-04   0.303362E+44   0.326888E-01
  0.341193E-04   0.354612E+44   0.370510E-01
  0.368978E-04   0.414503E+44   0.432366E-01
  0.399025E-04   0.484490E+44   0.493742E-01
  0.431519E-04   0.566267E+44   0.540962E-01
  0.466659E-04   0.661815E+44   0.687540E-01
  0.504661E-04   0.773444E+44   0.747566E-01
  0.545758E-04   0.903848E+44   0.889816E-01
  0.590201E-04   0.105617E+45   0.107164E+00
  0.638263E-04   0.123409E+45   0.131144E+00
  0.690240E-04   0.144186E+45   0.154454E+00
  0.746449E-04   0.168449E+45   0.174743E+00
  0.807235E-04   0.196777E+45   0.224992E+00
  0.872971E-04   0.229848E+45   0.245057E+00
  0.944061E-04   0.268449E+45   0.278773E+00
  0.102094E-03   0.313500E+45   0.319448E+00
  0.110408E-03   0.366067E+45   0.400314E+00
  0.119399E-03   0.427395E+45   0.450093E+00
  0.129122E-03   0.498928E+45   0.534813E+00
  0.139637E-03   0.582346E+45   0.665530E+00
  0.151008E-03   0.679601E+45   0.780728E+00
  0.163305E-03   0.792959E+45   0.932823E+00
  0.176604E-03   0.925049E+45   0.105593E+01
  0.190985E-03   0.107892E+46   0.133983E+01
  0.206538E-03   0.125811E+46   0.157036E+01
  0.223357E-03   0.146670E+46   0.182662E+01
  0.241546E-03   0.170942E+46   0.213698E+01
  0.261216E-03   0.199175E+46   0.262195E+01
  0.282488E-03   0.232000E+46   0.293900E+01
  0.305492E-03   0.270144E+46   0.352371E+01
  0.330370E-03   0.314445E+46   0.401237E+01
  0.357273E-03   0.365868E+46   0.448436E+01
  0.386367E-03   0.425520E+46   0.505631E+01
  0.417830E-03   0.494669E+46   0.547772E+01
  0.451856E-03   0.574766E+46   0.574778E+01
  0.488652E-03   0.667469E+46   0.624932E+01
  0.528445E-03   0.774666E+46   0.640088E+01
  0.571479E-03   0.898501E+46   0.677382E+01
  0.618016E-03   0.104141E+47   0.718621E+01
  0.668344E-03   0.120612E+47   0.745161E+01
  0.722770E-03   0.139574E+47   0.762928E+01
  0.781628E-03   0.161372E+47   0.773957E+01
  0.845279E-03   0.186391E+47   0.834642E+01
  0.914113E-03   0.215060E+47   0.879782E+01
  0.988553E-03   0.247851E+47   0.892278E+01
  0.106905E-02   0.285281E+47   0.906982E+01
  0.115611E-02   0.327910E+47   0.966346E+01
  0.125026E-02   0.376341E+47   0.100860E+02
  0.135207E-02   0.431214E+47   0.102206E+02
  0.146218E-02   0.493201E+47   0.106078E+02
  0.158125E-02   0.562989E+47   0.108673E+02
  0.171002E-02   0.641269E+47   0.110286E+02
  0.184927E-02   0.728711E+47   0.110632E+02
  0.199986E-02   0.825937E+47   0.116547E+02
  0.216272E-02   0.933483E+47   0.120921E+02
  0.233884E-02   0.105175E+48   0.123794E+02
  0.252930E-02   0.118095E+48   0.124068E+02
  0.273527E-02   0.132103E+48   0.125632E+02
  0.295801E-02   0.147162E+48   0.128617E+02
  0.319890E-02   0.163191E+48   0.131674E+02
  0.345939E-02   0.180057E+48   0.131250E+02
  0.374111E-02   0.197565E+48   0.131107E+02
  0.404576E-02   0.215451E+48   0.132471E+02
  0.437522E-02   0.233370E+48   0.134141E+02
  0.473151E-02   0.250895E+48   0.135233E+02
  0.511682E-02   0.267513E+48   0.136118E+02
  0.553350E-02   0.282634E+48   0.131268E+02
  0.598412E-02   0.295603E+48   0.131371E+02
  0.647143E-02   0.305728E+48   0.133191E+02
  0.699842E-02   0.312314E+48   0.133352E+02
  0.756833E-02   0.314712E+48   0.131561E+02
  0.818465E-02   0.312383E+48   0.127889E+02
  0.885116E-02   0.304958E+48   0.128616E+02
  0.957194E-02   0.292307E+48   0.130330E+02
  0.103514E-01   0.274593E+48   0.126765E+02
  0.111944E-01   0.252311E+48   0.123297E+02
  0.121060E-01   0.226284E+48   0.120774E+02
  0.130918E-01   0.197630E+48   0.118327E+02
  0.141579E-01   0.167675E+48   0.116701E+02
  0.153109E-01   0.137838E+48   0.115171E+02
  0.165577E-01   0.109480E+48   0.113891E+02
  0.179061E-01   0.837678E+47   0.112496E+02
  0.193642E-01   0.615464E+47   0.109417E+02
  0.209411E-01   0.432742E+47   0.106423E+02
  0.226464E-01   0.290109E+47   0.104438E+02
  0.244906E-01   0.184710E+47   0.103656E+02
  0.264850E-01   0.111217E+47   0.102896E+02
  0.286418E-01   0.630404E+46   0.101615E+02
  0.309742E-01   0.334727E+46   0.998248E+01
  0.334965E-01   0.165604E+46   0.978025E+01
  0.362243E-01   0.759031E+45   0.958212E+01
  0.391742E-01   0.320296E+45   0.947622E+01
  0.423643E-01   0.123602E+45   0.929322E+01
  0.458142E-01   0.433027E+44   0.881401E+01
  0.495450E-01   0.136649E+44   0.835952E+01
  0.535797E-01   0.385122E+43   0.801429E+01
  0.579429E-01   0.960498E+42   0.769759E+01
  0.626614E-01   0.209882E+42   0.751567E+01
  0.677642E-01   0.397520E+41   0.746329E+01
  0.732825E-01   0.645046E+40   0.753963E+01
  0.792501E-01   0.885528E+39   0.769985E+01
  0.857038E-01   0.101457E+39   0.813477E+01
  0.926830E-01   0.955935E+37   0.832270E+01
  0.100231E+00   0.729006E+36   0.843940E+01
  0.108393E+00   0.442292E+35   0.705857E+01
  0.117220E+00   0.209544E+34   0.586732E+01
  0.126765E+00   0.759765E+32   0.481120E+01
  0.137088E+00   0.206283E+31   0.427276E+01
  0.148252E+00   0.409638E+29   0.459527E+01
  0.160325E+00   0.579994E+27   0.116508E+02
  0.173380E+00   0.569602E+25   0.133864E+02
  0.187499E+00   0.376622E+23   0.146460E+02
  0.202768E+00   0.162344E+21   0.174550E+02
  0.219280E+00   0.440584E+18   0.188393E+02
  0.237137E+00   0.724976E+15   0.221551E+02
  0.256448E+00   0.694423E+12   0.255688E+02
  0.277332E+00   0.370504E+09   0.280369E+02
  0.299916E+00   0.104987E+06   0.294456E+02
  0.324340E+00   0.150063E+02   0.263038E+01
  0.350752E+00   0.102330E-02   0.172901E+01
  0.379315E+00   0.313437E-07   0.146670E+01
  0.410204E+00   0.404026E-12   0.128381E+01
  0.443609E+00   0.204255E-17   0.923225E+00
  0.479733E+00   0.375262E-23   0.525566E+00
  0.518800E+00   0.230727E-29   0.370980E+00
  0.561048E+00   0.100000E-29   0.298078E+00
  0.606736E+00   0.100000E-29   0.288423E+00
  0.656145E+00   0.100000E-29   0.527216E+00
  0.709578E+00   0.100000E-29   0.631667E+00
  0.767361E+00   0.100000E-29   0.602116E+00
  0.829851E+00   0.100000E-29   0.614271E+00
  0.897429E+00   0.100000E-29   0.661028E+00
  0.970510E+00   0.100000E-29   0.755657E+00
  0.104954E+01   0.100000E-29   0.887779E+00
  0.113501E+01   0.100000E-29   0.963312E+00
  0.122744E+01   0.100000E-29   0.102939E+01
  0.132739E+01   0.100000E-29   0.332273E-01
  0.143549E+01   0.100000E-29   0.359915E-01
  0.155239E+01   0.100000E-29   0.391472E-01
  0.167880E+01   0.100000E-29   0.258233E-01
  0.181552E+01   0.100000E-29   0.141740E-01
  0.196336E+01   0.100000E-29   0.855461E-02
  0.212324E+01   0.100000E-29   0.555083E-02
  0.229615E+01   0.100000E-29   0.411008E-02
  0.248313E+01   0.100000E-29   0.400867E-02
  0.268534E+01   0.100000E-29   0.409590E-02
  0.290402E+01   0.100000E-29   0.268927E-02
  0.314051E+01   0.100000E-29   0.212226E-02
  0.339625E+01   0.100000E-29   0.203189E-02
  0.367282E+01   0.100000E-29   0.201604E-02
  0.397192E+01   0.100000E-29   0.193895E-02
  0.429536E+01   0.100000E-29   0.192265E-02
  0.464515E+01   0.100000E-29   0.202054E-02
  0.502343E+01   0.100000E-29   0.199844E-02
  0.543250E+01   0.100000E-29   0.899499E-03
  0.587489E+01   0.100000E-29   0.668497E-03
  0.635331E+01   0.100000E-29   0.706684E-03
  0.687068E+01   0.100000E-29   0.684778E-03
  0.743019E+01   0.100000E-29   0.812831E-03
  0.803526E+01   0.100000E-29   0.657657E-03
  0.868960E+01   0.100000E-29   0.707511E-03
  0.939723E+01   0.100000E-29   0.752488E-03
  0.101625E+02   0.100000E-29   0.891663E-03
  0.109901E+02   0.100000E-29   0.859160E-03
  0.118850E+02   0.100000E-29   0.817539E-03
  0.128529E+02   0.100000E-29   0.633465E-03
  0.138995E+02   0.100000E-29   0.655841E-03
  0.150314E+02   0.100000E-29   0.545950E-03
  0.162555E+02   0.100000E-29   0.410223E-03
  0.175792E+02   0.100000E-29   0.410866E-03
  0.190108E+02   0.100000E-29   0.436215E-03
  0.205589E+02   0.100000E-29   0.452976E-03
  0.222331E+02   0.100000E-29   0.400037E-03
  0.240436E+02   0.100000E-29   0.219989E-03
  0.260016E+02   0.100000E-29   0.126182E-03
  0.281190E+02   0.100000E-29   0.110822E-03
  0.304089E+02   0.100000E-29   0.114915E-03
  0.328852E+02   0.100000E-29   0.131659E-03
  0.355631E+02   0.100000E-29   0.164219E-03
  0.384592E+02   0.100000E-29   0.141416E-03
  0.415911E+02   0.100000E-29   0.131623E-03
  0.449780E+02   0.100000E-29   0.146656E-03
  0.486407E+02   0.100000E-29   0.149727E-03
  0.526017E+02   0.100000E-29   0.156243E-03
  0.568853E+02   0.100000E-29   0.138755E-03
  0.615177E+02   0.100000E-29   0.140637E-03
  0.665273E+02   0.100000E-29   0.146572E-03
  0.719449E+02   0.100000E-29   0.125574E-03
  0.778037E+02   0.100000E-29   0.120719E-03
  0.841395E+02   0.100000E-29   0.122603E-03
  0.909913E+02   0.100000E-29   0.118536E-03
  0.984011E+02   0.100000E-29   0.122039E-03
  0.106414E+03   0.100000E-29   0.126028E-03
  0.115080E+03   0.100000E-29   0.126474E-03
  0.124451E+03   0.100000E-29   0.125989E-03
  0.134586E+03   0.100000E-29   0.129241E-03
  0.145546E+03   0.100000E-29   0.130858E-03
  0.157398E+03   0.100000E-29   0.132231E-03
  0.170216E+03   0.100000E-29   0.128617E-03
  0.184077E+03   0.100000E-29   0.119674E-03
  0.199067E+03   0.100000E-29   0.934989E-04
  0.215278E+03   0.100000E-29   0.761353E-04
  0.232809E+03   0.100000E-29   0.693860E-04
  0.251768E+03   0.100000E-29   0.632921E-04
  0.272270E+03   0.100000E-29   0.582327E-04
  0.294442E+03   0.100000E-29   0.553059E-04
  0.318420E+03   0.100000E-29   0.514856E-04
  0.344350E+03   0.100000E-29   0.477859E-04
  0.372392E+03   0.100000E-29   0.438429E-04
  0.402717E+03   0.100000E-29   0.408026E-04
  0.435512E+03   0.100000E-29   0.386645E-04
  0.470977E+03   0.100000E-29   0.365343E-04
  0.509331E+03   0.100000E-29   0.335197E-04
  0.550808E+03   0.100000E-29   0.308319E-04
  0.595662E+03   0.100000E-29   0.285102E-04
  0.644169E+03   0.100000E-29   0.262217E-04
  0.696627E+03   0.100000E-29   0.237585E-04
  0.753356E+03   0.100000E-29   0.218776E-04
  0.814704E+03   0.100000E-29   0.202302E-04
  0.881049E+03   0.100000E-29   0.186884E-04
  0.952796E+03   0.100000E-29   0.171655E-04
  0.103039E+04   0.100000E-29   0.157761E-04
  0.111429E+04   0.100000E-29   0.145882E-04
  0.120504E+04   0.100000E-29   0.134597E-04
  0.130317E+04   0.100000E-29   0.123612E-04
  0.140929E+04   0.100000E-29   0.113524E-04
  0.152405E+04   0.100000E-29   0.105889E-04
  0.164816E+04   0.100000E-29   0.983853E-05
  0.178238E+04   0.100000E-29   0.898937E-05
  0.192752E+04   0.100000E-29   0.821355E-05
  0.208449E+04   0.100000E-29   0.750464E-05
  0.225424E+04   0.100000E-29   0.685692E-05
  0.243781E+04   0.100000E-29   0.619762E-05
  0.263633E+04   0.100000E-29   0.537238E-05
  0.285102E+04   0.100000E-29   0.464515E-05
  0.308319E+04   0.100000E-29   0.395025E-05
  0.333426E+04   0.100000E-29   0.331247E-05
  0.360579E+04   0.100000E-29   0.275533E-05
  0.389942E+04   0.100000E-29   0.236167E-05
  0.421697E+04   0.100000E-29   0.205447E-05
  0.456037E+04   0.100000E-29   0.169929E-05
  0.493174E+04   0.100000E-29   0.142659E-05
  0.533335E+04   0.100000E-29   0.120879E-05
  0.576766E+04   0.100000E-29   0.101438E-05
  0.623735E+04   0.100000E-29   0.875739E-06
  0.674528E+04   0.100000E-29   0.735275E-06
  0.729458E+04   0.100000E-29   0.589080E-06
  0.788860E+04   0.100000E-29   0.474051E-06
  0.853100E+04   0.100000E-29   0.381483E-06
  0.922571E+04   0.100000E-29   0.306991E-06
  0.997700E+04   0.100000E-29   0.247044E-06
  0.107895E+05   0.100000E-29   0.198802E-06
  0.116681E+05   0.100000E-29   0.159983E-06
  0.126183E+05   0.100000E-29   0.128743E-06
  0.136458E+05   0.100000E-29   0.103604E-06
  0.147571E+05   0.100000E-29   0.833724E-07
  0.159588E+05   0.100000E-29   0.670926E-07
  0.172584E+05   0.100000E-29   0.539913E-07
  0.186638E+05   0.100000E-29   0.434485E-07
  0.201837E+05   0.100000E-29   0.349641E-07
  0.218273E+05   0.100000E-29   0.281368E-07
  0.236048E+05   0.100000E-29   0.226425E-07
  0.255270E+05   0.100000E-29   0.182211E-07
  0.276058E+05   0.100000E-29   0.146630E-07
  0.298538E+05   0.100000E-29   0.117998E-07
  0.322849E+05   0.100000E-29   0.949569E-08
  0.349140E+05   0.100000E-29   0.764146E-08
  0.377572E+05   0.100000E-29   0.614930E-08
  0.408319E+05   0.100000E-29   0.494853E-08
  0.441570E+05   0.100000E-29   0.398223E-08
  0.477529E+05   0.100000E-29   0.320461E-08
  0.516416E+05   0.100000E-29   0.257885E-08
  0.558470E+05   0.100000E-29   0.207527E-08
  0.603949E+05   0.100000E-29   0.167003E-08
  0.653131E+05   0.100000E-29   0.134392E-08
  0.706318E+05   0.100000E-29   0.108149E-08
  0.763836E+05   0.100000E-29   0.870311E-09
  0.826038E+05   0.100000E-29   0.700366E-09
  0.893305E+05   0.100000E-29   0.563606E-09
  0.966051E+05   0.100000E-29   0.453550E-09
  0.104472E+06   0.100000E-29   0.364985E-09
  0.112980E+06   0.100000E-29   0.293711E-09
  0.122180E+06   0.100000E-29   0.236360E-09
  0.132130E+06   0.100000E-29   0.190205E-09
  0.142889E+06   0.100000E-29   0.153066E-09
  0.154525E+06   0.100000E-29   0.123177E-09
  0.167109E+06   0.100000E-29   0.991232E-10
  0.180717E+06   0.100000E-29   0.797678E-10
  0.195434E+06   0.100000E-29   0.641911E-10
  0.211349E+06   0.100000E-29   0.516564E-10
  0.228560E+06   0.100000E-29   0.415695E-10
  0.247172E+06   0.100000E-29   0.334524E-10
  0.267301E+06   0.100000E-29   0.269199E-10
  0.289068E+06   0.100000E-29   0.216633E-10
  0.312608E+06   0.100000E-29   0.174331E-10
  0.338065E+06   0.100000E-29   0.140289E-10
  0.365595E+06   0.100000E-29   0.112895E-10
  0.395367E+06   0.100000E-29   0.908498E-11
  0.427563E+06   0.100000E-29   0.731096E-11
  0.462381E+06   0.100000E-29   0.588335E-11
  0.500035E+06   0.100000E-29   0.473450E-11
  0.540754E+06   0.100000E-29   0.381001E-11
  0.584790E+06   0.100000E-29   0.306602E-11
  0.632412E+06   0.100000E-29   0.246732E-11
  0.683912E+06   0.100000E-29   0.198552E-11
  0.739605E+06   0.100000E-29   0.159781E-11
  0.799834E+06   0.100000E-29   0.128581E-11
  0.864968E+06   0.100000E-29   0.103472E-11
  0.935406E+06   0.100000E-29   0.832673E-12
  0.101158E+07   0.100000E-29   0.670077E-12
  0.109396E+07   0.100000E-29   0.539226E-12
  0.118304E+07   0.100000E-29   0.433937E-12
  0.127938E+07   0.100000E-29   0.349202E-12
  0.138357E+07   0.100000E-29   0.281010E-12
  0.149624E+07   0.100000E-29   0.226137E-12
  0.161808E+07   0.100000E-29   0.181981E-12
  0.174985E+07   0.100000E-29   0.146444E-12
  0.189234E+07   0.100000E-29   0.117849E-12
  0.204644E+07   0.100000E-29   0.948370E-13
  0.221309E+07   0.100000E-29   0.763181E-13
  0.239332E+07   0.100000E-29   0.614148E-13
  0.258821E+07   0.100000E-29   0.494227E-13
  0.279898E+07   0.100000E-29   0.397718E-13
  0.302691E+07   0.100000E-29   0.320056E-13
  0.327341E+07   0.100000E-29   0.257557E-13
  0.353997E+07   0.100000E-29   0.207265E-13
  0.382825E+07   0.100000E-29   0.166792E-13
  0.414000E+07   0.100000E-29   0.134222E-13
  0.447713E+07   0.100000E-29   0.108013E-13
  0.484172E+07   0.100000E-29   0.869212E-14
  0.523600E+07   0.100000E-29   0.699481E-14
  0.566239E+07   0.100000E-29   0.562893E-14
  0.612350E+07   0.100000E-29   0.452977E-14
  0.662217E+07   0.100000E-29   0.364522E-14
  0.716143E+07   0.100000E-29   0.293343E-14
  0.774462E+07   0.100000E-29   0.236061E-14
  0.837529E+07   0.100000E-29   0.189966E-14
  0.905733E+07   0.100000E-29   0.152871E-14
  0.979490E+07   0.100000E-29   0.123020E-14
  0.105925E+08   0.100000E-29   0.989986E-15
  0.114551E+08   0.100000E-29   0.796669E-15
  0.123880E+08   0.100000E-29   0.641094E-15
  0.133968E+08   0.100000E-29   0.515908E-15
  0.144877E+08   0.100000E-29   0.415171E-15
  0.156675E+08   0.100000E-29   0.334099E-15
  0.169434E+08   0.100000E-29   0.268858E-15
  0.183231E+08   0.100000E-29   0.216360E-15
  0.198153E+08   0.100000E-29   0.174110E-15
  0.214289E+08   0.100000E-29   0.140112E-15
  0.231739E+08   0.100000E-29   0.112753E-15
  0.250611E+08   0.100000E-29   0.907350E-16
  0.271019E+08   0.100000E-29   0.730173E-16
  0.293089E+08   0.100000E-29   0.587593E-16
  0.316957E+08   0.100000E-29   0.472851E-16
  0.342768E+08   0.100000E-29   0.380517E-16
  0.370681E+08   0.100000E-29   0.306213E-16
  0.400867E+08   0.100000E-29   0.246419E-16
  0.433511E+08   0.100000E-29   0.198301E-16
  0.468813E+08   0.100000E-29   0.159579E-16
  0.506991E+08   0.100000E-29   0.128418E-16
  0.548277E+08   0.100000E-29   0.103342E-16
  0.592925E+08   0.100000E-29   0.831621E-17
  0.641210E+08   0.100000E-29   0.669228E-17
  0.693426E+08   0.100000E-29   0.538548E-17
  0.749894E+08   0.100000E-29   0.433386E-17
  0.810961E+08   0.100000E-29   0.348759E-17
  0.877001E+08   0.100000E-29   0.280656E-17
  0.948418E+08   0.100000E-29   0.225853E-17
  0.102565E+09   0.100000E-29   0.181751E-17
  0.110917E+09   0.100000E-29   0.146262E-17
  0.119950E+09   0.100000E-29   0.117699E-17
  0.129718E+09   0.100000E-29   0.947162E-18
  0.140281E+09   0.100000E-29   0.762216E-18
  0.151705E+09   0.100000E-29   0.613374E-18
  0.164059E+09   0.100000E-29   0.493600E-18
  0.177419E+09   0.100000E-29   0.397214E-18
  0.191867E+09   0.100000E-29   0.319649E-18
  0.207491E+09   0.100000E-29   0.257233E-18
  0.224388E+09   0.100000E-29   0.207003E-18
  0.242661E+09   0.100000E-29   0.166581E-18
  0.262422E+09   0.100000E-29   0.134052E-18
  0.283792E+09   0.100000E-29   0.107876E-18
  0.306902E+09   0.100000E-29   0.868111E-19
  0.331894E+09   0.100000E-29   0.698597E-19
  0.358922E+09   0.100000E-29   0.562179E-19
  0.388150E+09   0.100000E-29   0.452404E-19
  0.419759E+09   0.100000E-29   0.364062E-19
  0.453942E+09   0.100000E-29   0.292970E-19
  0.490908E+09   0.100000E-29   0.235763E-19
  0.530884E+09   0.100000E-29   0.189726E-19
  0.574116E+09   0.100000E-29   0.152678E-19
  0.620869E+09   0.100000E-29   0.122864E-19
  0.671429E+09   0.100000E-29   0.988724E-20
  0.726106E+09   0.100000E-29   0.795655E-20
  0.785236E+09   0.100000E-29   0.640287E-20
  0.849180E+09   0.100000E-29   0.515259E-20
  0.918333E+09   0.100000E-29   0.414643E-20
  0.993116E+09   0.100000E-29   0.333676E-20
  0.107399E+10   0.100000E-29   0.268519E-20
  0.116145E+10   0.100000E-29   0.216084E-20
  0.125603E+10   0.100000E-29   0.173890E-20
  0.135831E+10   0.100000E-29   0.139936E-20
  0.146893E+10   0.100000E-29   0.112609E-20
  0.158855E+10   0.100000E-29   0.906196E-21
  0.171791E+10   0.100000E-29   0.729245E-21
  0.185780E+10   0.100000E-29   0.586851E-21
  0.200909E+10   0.100000E-29   0.472255E-21
  0.217270E+10   0.100000E-29   0.380036E-21
  0.234963E+10   0.100000E-29   0.305827E-21
  0.254097E+10   0.100000E-29   0.246108E-21
  0.274789E+10   0.100000E-29   0.198051E-21
  0.297167E+10   0.100000E-29   0.159376E-21
  0.321366E+10   0.100000E-29   0.128255E-21
  0.347536E+10   0.100000E-29   0.103211E-21
  0.375837E+10   0.100000E-29   0.830570E-22
  0.406443E+10   0.100000E-29   0.668385E-22
  0.439542E+10   0.100000E-29   0.537865E-22
  0.475335E+10   0.100000E-29   0.432838E-22
  0.514044E+10   0.100000E-29   0.348316E-22
  0.555904E+10   0.100000E-29   0.280301E-22
  0.601174E+10   0.100000E-29   0.225567E-22
  0.650130E+10   0.100000E-29   0.181520E-22
  0.703072E+10   0.100000E-29   0.146075E-22
  0.760326E+10   0.100000E-29   0.117551E-22
  0.822243E+10   0.100000E-29   0.945964E-23
  0.889201E+10   0.100000E-29   0.761246E-23
  0.961612E+10   0.100000E-29   0.612597E-23
