  0.103992E-06   0.331516E+39   0.707294E-23   0.596096E+22   0.317702E+16
  0.112460E-06   0.387707E+39   0.106154E-22   0.697128E+22   0.371553E+16
  0.121619E-06   0.453422E+39   0.153501E-22   0.815283E+22   0.434531E+16
  0.131522E-06   0.530276E+39   0.215013E-22   0.953464E+22   0.508183E+16
  0.142233E-06   0.620156E+39   0.265058E-22   0.111506E+23   0.594320E+16
  0.153815E-06   0.725271E+39   0.309985E-22   0.130405E+23   0.695057E+16
  0.166341E-06   0.848202E+39   0.378447E-22   0.152507E+23   0.812868E+16
  0.179887E-06   0.991969E+39   0.458122E-22   0.178354E+23   0.950649E+16
  0.194536E-06   0.116010E+40   0.551062E-22   0.208582E+23   0.111178E+17
  0.210378E-06   0.135674E+40   0.562453E-22   0.243932E+23   0.130023E+17
  0.227510E-06   0.158670E+40   0.774182E-22   0.285274E+23   0.152062E+17
  0.246037E-06   0.185564E+40   0.922912E-22   0.333621E+23   0.177836E+17
  0.266073E-06   0.217016E+40   0.109527E-21   0.390162E+23   0.207979E+17
  0.287740E-06   0.253799E+40   0.129782E-21   0.456284E+23   0.243231E+17
  0.311172E-06   0.296816E+40   0.151780E-21   0.533611E+23   0.284459E+17
  0.336512E-06   0.347125E+40   0.179249E-21   0.624042E+23   0.332675E+17
  0.363915E-06   0.405960E+40   0.211207E-21   0.729797E+23   0.389063E+17
  0.393550E-06   0.474767E+40   0.248466E-21   0.853471E+23   0.455008E+17
  0.425598E-06   0.555237E+40   0.249849E-21   0.998101E+23   0.532132E+17
  0.460257E-06   0.649345E+40   0.347298E-21   0.116724E+24   0.622328E+17
  0.497737E-06   0.759403E+40   0.414507E-21   0.136503E+24   0.727812E+17
  0.538270E-06   0.888115E+40   0.493790E-21   0.159634E+24   0.851175E+17
  0.582103E-06   0.103864E+41   0.595712E-21   0.186683E+24   0.995448E+17
  0.629506E-06   0.121468E+41   0.696685E-21   0.218316E+24   0.116418E+18
  0.680769E-06   0.142055E+41   0.838073E-21   0.255307E+24   0.136150E+18
  0.736207E-06   0.166132E+41   0.100315E-20   0.298564E+24   0.159228E+18
  0.796159E-06   0.194289E+41   0.121610E-20   0.349149E+24   0.186216E+18
  0.860994E-06   0.227218E+41   0.144190E-20   0.408303E+24   0.217780E+18
  0.931108E-06   0.265728E+41   0.168630E-20   0.477476E+24   0.254693E+18
  0.100693E-05   0.310764E+41   0.201832E-20   0.558366E+24   0.297863E+18
  0.108893E-05   0.363433E+41   0.239925E-20   0.652954E+24   0.348351E+18
  0.117761E-05   0.425028E+41   0.283787E-20   0.763560E+24   0.407396E+18
  0.127350E-05   0.497061E+41   0.286154E-20   0.892897E+24   0.476449E+18
  0.137721E-05   0.581302E+41   0.395420E-20   0.104413E+25   0.557206E+18
  0.148936E-05   0.679818E+41   0.469166E-20   0.122097E+25   0.651652E+18
  0.161065E-05   0.795028E+41   0.553357E-20   0.142775E+25   0.762105E+18
  0.174181E-05   0.929762E+41   0.658824E-20   0.166953E+25   0.891281E+18
  0.188365E-05   0.108733E+42   0.770494E-20   0.195224E+25   0.104235E+19
  0.203704E-05   0.127159E+42   0.912439E-20   0.228278E+25   0.121903E+19
  0.220293E-05   0.148708E+42   0.107892E-19   0.266926E+25   0.142565E+19
  0.238232E-05   0.173908E+42   0.126966E-19   0.312114E+25   0.166729E+19
  0.257632E-05   0.203378E+42   0.127223E-19   0.364945E+25   0.194990E+19
  0.278612E-05   0.237841E+42   0.174393E-19   0.426712E+25   0.228040E+19
  0.301301E-05   0.278144E+42   0.207016E-19   0.498924E+25   0.266692E+19
  0.325837E-05   0.325274E+42   0.242050E-19   0.583346E+25   0.311896E+19
  0.352371E-05   0.380389E+42   0.282952E-19   0.682039E+25   0.364761E+19
  0.381066E-05   0.444841E+42   0.330912E-19   0.797412E+25   0.426587E+19
  0.412098E-05   0.520211E+42   0.369454E-19   0.932280E+25   0.498892E+19
  0.445656E-05   0.608349E+42   0.416004E-19   0.108993E+26   0.583452E+19
  0.481948E-05   0.711415E+42   0.468476E-19   0.127420E+26   0.682344E+19
  0.521195E-05   0.831939E+42   0.521903E-19   0.148958E+26   0.797999E+19
  0.563638E-05   0.972875E+42   0.687386E-19   0.174132E+26   0.933256E+19
  0.609537E-05   0.113768E+43   0.769227E-19   0.203552E+26   0.109144E+20
  0.659174E-05   0.133039E+43   0.862818E-19   0.237934E+26   0.127643E+20
  0.712853E-05   0.155574E+43   0.970306E-19   0.278112E+26   0.149278E+20
  0.770903E-05   0.181924E+43   0.118162E-18   0.325060E+26   0.174580E+20
  0.833681E-05   0.212735E+43   0.148283E-18   0.379915E+26   0.204170E+20
  0.901571E-05   0.248762E+43   0.173378E-18   0.444003E+26   0.238775E+20
  0.974990E-05   0.290887E+43   0.204672E-18   0.518874E+26   0.279245E+20
  0.105439E-04   0.340142E+43   0.237992E-18   0.606333E+26   0.326575E+20
  0.114025E-04   0.397733E+43   0.279624E-18   0.708486E+26   0.381927E+20
  0.123310E-04   0.465068E+43   0.330727E-18   0.827792E+26   0.446660E+20
  0.133352E-04   0.543795E+43   0.385166E-18   0.967112E+26   0.522364E+20
  0.144212E-04   0.635839E+43   0.451465E-18   0.112979E+27   0.610899E+20
  0.155955E-04   0.743450E+43   0.533328E-18   0.131970E+27   0.714439E+20
  0.168655E-04   0.869259E+43   0.620429E-18   0.154140E+27   0.835527E+20
  0.182390E-04   0.101634E+44   0.726277E-18   0.180014E+27   0.977138E+20
  0.197242E-04   0.118828E+44   0.857211E-18   0.210207E+27   0.114275E+21
  0.213304E-04   0.138927E+44   0.996682E-18   0.245435E+27   0.133643E+21
  0.230675E-04   0.162423E+44   0.116701E-17   0.286527E+27   0.156293E+21
  0.249459E-04   0.189887E+44   0.137560E-17   0.334450E+27   0.182781E+21
  0.269774E-04   0.221989E+44   0.159883E-17   0.390327E+27   0.213759E+21
  0.291743E-04   0.259510E+44   0.187220E-17   0.455462E+27   0.249987E+21
  0.315500E-04   0.303362E+44   0.220927E-17   0.531368E+27   0.292353E+21
  0.341193E-04   0.354612E+44   0.256702E-17   0.619800E+27   0.341900E+21
  0.368978E-04   0.414503E+44   0.300895E-17   0.722792E+27   0.399843E+21
  0.399025E-04   0.484490E+44   0.355235E-17   0.842700E+27   0.467604E+21
  0.431519E-04   0.566267E+44   0.413418E-17   0.982251E+27   0.546848E+21
  0.466659E-04   0.661815E+44   0.484800E-17   0.114459E+28   0.639520E+21
  0.504661E-04   0.773444E+44   0.572839E-17   0.133337E+28   0.747895E+21
  0.545758E-04   0.903848E+44   0.666841E-17   0.155278E+28   0.874633E+21
  0.590201E-04   0.105617E+45   0.789977E-17   0.180765E+28   0.102285E+22
  0.638263E-04   0.123409E+45   0.930732E-17   0.210356E+28   0.119617E+22
  0.690240E-04   0.144186E+45   0.108768E-16   0.244689E+28   0.139886E+22
  0.746449E-04   0.168449E+45   0.128011E-16   0.284498E+28   0.163589E+22
  0.807235E-04   0.196777E+45   0.151709E-16   0.330622E+28   0.191308E+22
  0.872971E-04   0.229848E+45   0.176893E-16   0.384021E+28   0.223722E+22
  0.944061E-04   0.268449E+45   0.208797E-16   0.445789E+28   0.261628E+22
  0.102094E-03   0.313500E+45   0.244535E-16   0.517168E+28   0.305954E+22
  0.110408E-03   0.366067E+45   0.283683E-16   0.599569E+28   0.357789E+22
  0.119399E-03   0.427395E+45   0.333362E-16   0.694587E+28   0.418403E+22
  0.129122E-03   0.498928E+45   0.388363E-16   0.804018E+28   0.489283E+22
  0.139637E-03   0.582346E+45   0.449391E-16   0.929877E+28   0.572166E+22
  0.151008E-03   0.679601E+45   0.528296E-16   0.107442E+29   0.669085E+22
  0.163305E-03   0.792959E+45   0.617744E-16   0.124014E+29   0.782416E+22
  0.176604E-03   0.925049E+45   0.717959E-16   0.142981E+29   0.914935E+22
  0.190985E-03   0.107892E+46   0.848192E-16   0.164647E+29   0.106989E+23
  0.206538E-03   0.125811E+46   0.993869E-16   0.189342E+29   0.125107E+23
  0.223357E-03   0.146670E+46   0.117802E-15   0.217423E+29   0.146293E+23
  0.241546E-03   0.170942E+46   0.139484E-15   0.249269E+29   0.171064E+23
  0.261216E-03   0.199175E+46   0.162765E-15   0.285282E+29   0.200027E+23
  0.282488E-03   0.232000E+46   0.186633E-15   0.325876E+29   0.233890E+23
  0.305492E-03   0.270144E+46   0.215201E-15   0.371468E+29   0.273483E+23
  0.330370E-03   0.314445E+46   0.242208E-15   0.422473E+29   0.319772E+23
  0.357273E-03   0.365868E+46   0.271542E-15   0.479277E+29   0.373891E+23
  0.386367E-03   0.425520E+46   0.303136E-15   0.542227E+29   0.437160E+23
  0.417830E-03   0.494669E+46   0.328078E-15   0.611595E+29   0.511126E+23
  0.451856E-03   0.574766E+46   0.350492E-15   0.687556E+29   0.597595E+23
  0.488652E-03   0.667469E+46   0.376781E-15   0.770138E+29   0.698675E+23
  0.528445E-03   0.774666E+46   0.397190E-15   0.859185E+29   0.816832E+23
  0.571479E-03   0.898501E+46   0.419026E-15   0.954304E+29   0.954947E+23
  0.618016E-03   0.104141E+47   0.446056E-15   0.105481E+30   0.111638E+24
  0.668344E-03   0.120612E+47   0.467261E-15   0.115965E+30   0.130507E+24
  0.722770E-03   0.139574E+47   0.490914E-15   0.126738E+30   0.152559E+24
  0.781628E-03   0.161372E+47   0.521627E-15   0.137607E+30   0.178331E+24
  0.845279E-03   0.186391E+47   0.546247E-15   0.148333E+30   0.208449E+24
  0.914113E-03   0.215060E+47   0.574684E-15   0.158621E+30   0.243643E+24
  0.988553E-03   0.247851E+47   0.612711E-15   0.168130E+30   0.284765E+24
  0.106905E-02   0.285281E+47   0.642947E-15   0.176475E+30   0.332812E+24
  0.115611E-02   0.327910E+47   0.677845E-15   0.183243E+30   0.388944E+24
  0.125026E-02   0.376341E+47   0.722899E-15   0.188011E+30   0.454517E+24
  0.135207E-02   0.431214E+47   0.758004E-15   0.190372E+30   0.531111E+24
  0.146218E-02   0.493201E+47   0.797453E-15   0.189973E+30   0.620569E+24
  0.158125E-02   0.562989E+47   0.846466E-15   0.186550E+30   0.725043E+24
  0.171002E-02   0.641269E+47   0.883044E-15   0.179970E+30   0.847036E+24
  0.184927E-02   0.728711E+47   0.922582E-15   0.170270E+30   0.989469E+24
  0.199986E-02   0.825937E+47   0.971065E-15   0.157679E+30   0.115574E+25
  0.216272E-02   0.933483E+47   0.100392E-14   0.142627E+30   0.134982E+25
  0.233884E-02   0.105175E+48   0.103773E-14   0.125736E+30   0.157632E+25
  0.252930E-02   0.118095E+48   0.108165E-14   0.107772E+30   0.184060E+25
  0.273527E-02   0.132103E+48   0.110629E-14   0.895843E+29   0.214892E+25
  0.295801E-02   0.147162E+48   0.113171E-14   0.720198E+29   0.250852E+25
  0.319890E-02   0.163191E+48   0.116657E-14   0.558338E+29   0.292786E+25
  0.345939E-02   0.180057E+48   0.118043E-14   0.416115E+29   0.341674E+25
  0.374111E-02   0.197565E+48   0.120958E-14   0.297132E+29   0.398655E+25
  0.404576E-02   0.215451E+48   0.121980E-14   0.202559E+29   0.465048E+25
  0.437522E-02   0.233370E+48   0.122309E-14   0.131325E+29   0.542385E+25
  0.473151E-02   0.250895E+48   0.124209E-14   0.806387E+28   0.632441E+25
  0.511682E-02   0.267513E+48   0.124203E-14   0.466877E+28   0.737269E+25
  0.553350E-02   0.282634E+48   0.123197E-14   0.253651E+28   0.859244E+25
  0.598412E-02   0.295603E+48   0.122666E-14   0.128645E+28   0.100111E+26
  0.647143E-02   0.305728E+48   0.123436E-14   0.605668E+27   0.116604E+26
  0.699842E-02   0.312314E+48   0.121835E-14   0.263105E+27   0.135768E+26
  0.756833E-02   0.314712E+48   0.122042E-14   0.104769E+27   0.158024E+26
  0.818465E-02   0.312383E+48   0.120351E-14   0.379718E+26   0.183854E+26
  0.885116E-02   0.304958E+48   0.117940E-14   0.124306E+26   0.213816E+26
  0.957194E-02   0.292307E+48   0.117476E-14   0.364520E+25   0.248543E+26
  0.103514E-01   0.274593E+48   0.115353E-14   0.948987E+24   0.288764E+26
  0.111944E-01   0.252311E+48   0.113011E-14   0.217219E+24   0.335308E+26
  0.121060E-01   0.226284E+48   0.111462E-14   0.432596E+23   0.389122E+26
  0.130918E-01   0.197630E+48   0.108728E-14   0.741122E+22   0.451279E+26
  0.141579E-01   0.167675E+48   0.106063E-14   0.107894E+22   0.522995E+26
  0.153109E-01   0.137838E+48   0.105437E-14   0.131719E+21   0.605641E+26
  0.165577E-01   0.109480E+48   0.103018E-14   0.132927E+20   0.700761E+26
  0.179061E-01   0.837678E+47   0.993611E-15   0.109184E+19   0.810083E+26
  0.193642E-01   0.615464E+47   0.974076E-15   0.717811E+17   0.935531E+26
  0.209411E-01   0.432742E+47   0.938263E-15   0.370925E+16   0.107924E+27
  0.226464E-01   0.290109E+47   0.908089E-15   0.147732E+15   0.124356E+27
  0.244906E-01   0.184710E+47   0.911564E-15   0.443978E+13   0.143107E+27
  0.264850E-01   0.111217E+47   0.883941E-15   0.983992E+11   0.164454E+27
  0.286418E-01   0.630404E+46   0.852030E-15   0.156890E+10   0.188697E+27
  0.309742E-01   0.334727E+46   0.831550E-15   0.175195E+08   0.216153E+27
  0.334965E-01   0.165604E+46   0.801317E-15   0.133099E+06   0.247152E+27
  0.362243E-01   0.759031E+45   0.770066E-15   0.666713E+03   0.282034E+27
  0.391742E-01   0.320296E+45   0.759441E-15   0.212852E+01   0.321136E+27
  0.423643E-01   0.123602E+45   0.742612E-15   0.417506E-02   0.364786E+27
  0.458142E-01   0.433027E+44   0.712875E-15   0.483577E-05   0.413282E+27
  0.495450E-01   0.136649E+44   0.650966E-15   0.316852E-08   0.466880E+27
  0.535797E-01   0.385122E+43   0.612626E-15   0.112121E-11   0.525764E+27
  0.579429E-01   0.960498E+42   0.577409E-15   0.203783E-15   0.590020E+27
  0.626614E-01   0.209882E+42   0.565869E-15   0.180194E-19   0.659604E+27
  0.677642E-01   0.397520E+41   0.548049E-15   0.730999E-24   0.734298E+27
  0.732825E-01   0.645046E+40   0.539422E-15   0.127686E-28   0.813669E+27
  0.792501E-01   0.885528E+39   0.540758E-15   0.100000E-29   0.897023E+27
  0.857038E-01   0.101457E+39   0.545024E-15   0.100000E-29   0.983356E+27
  0.926830E-01   0.955935E+37   0.560345E-15   0.100000E-29   0.107131E+28
  0.100231E+00   0.729006E+36   0.589262E-15   0.100000E-29   0.115912E+28
  0.108393E+00   0.442292E+35   0.473475E-15   0.100000E-29   0.124464E+28
  0.117220E+00   0.209544E+34   0.370461E-15   0.100000E-29   0.132529E+28
  0.126765E+00   0.759765E+32   0.315925E-15   0.100000E-29   0.139810E+28
  0.137088E+00   0.206283E+31   0.266044E-15   0.100000E-29   0.145984E+28
  0.148252E+00   0.409638E+29   0.257831E-15   0.100000E-29   0.150708E+28
  0.160325E+00   0.579994E+27   0.610641E-15   0.100000E-29   0.153643E+28
  0.173380E+00   0.569602E+25   0.670960E-15   0.100000E-29   0.154478E+28
  0.187499E+00   0.376622E+23   0.751273E-15   0.100000E-29   0.152958E+28
  0.202768E+00   0.162344E+21   0.841118E-15   0.100000E-29   0.148917E+28
  0.219280E+00   0.440584E+18   0.956932E-15   0.100000E-29   0.142314E+28
  0.237137E+00   0.724976E+15   0.108591E-14   0.100000E-29   0.133251E+28
  0.256448E+00   0.694423E+12   0.118434E-14   0.100000E-29   0.121998E+28
  0.277332E+00   0.370504E+09   0.132027E-14   0.100000E-29   0.108983E+28
  0.299916E+00   0.104987E+06   0.127661E-14   0.100000E-29   0.947733E+27
  0.324340E+00   0.150063E+02   0.115058E-15   0.100000E-29   0.800314E+27
  0.350752E+00   0.102330E-02   0.959995E-16   0.100000E-29   0.654539E+27
  0.379315E+00   0.313437E-07   0.676895E-16   0.100000E-29   0.516993E+27
  0.410204E+00   0.404026E-12   0.597512E-16   0.100000E-29   0.393186E+27
  0.443609E+00   0.204255E-17   0.383781E-16   0.100000E-29   0.286995E+27
  0.479733E+00   0.375262E-23   0.251798E-16   0.100000E-29   0.200360E+27
  0.518800E+00   0.230727E-29   0.164341E-16   0.100000E-29   0.133291E+27
  0.561048E+00   0.100000E-29   0.120111E-16   0.100000E-29   0.841604E+26
  0.606736E+00   0.100000E-29   0.100894E-16   0.100000E-29   0.502194E+26
  0.656145E+00   0.100000E-29   0.303238E-16   0.100000E-29   0.281891E+26
  0.709578E+00   0.100000E-29   0.340561E-16   0.100000E-29   0.148105E+26
  0.767361E+00   0.100000E-29   0.341160E-16   0.100000E-29   0.724424E+25
  0.829851E+00   0.100000E-29   0.364388E-16   0.100000E-29   0.327960E+25
  0.897429E+00   0.100000E-29   0.415916E-16   0.100000E-29   0.136557E+25
  0.970510E+00   0.100000E-29   0.483842E-16   0.100000E-29   0.519418E+24
  0.104954E+01   0.100000E-29   0.561786E-16   0.100000E-29   0.179154E+24
  0.113501E+01   0.100000E-29   0.645207E-16   0.100000E-29   0.555885E+23
  0.122744E+01   0.100000E-29   0.185078E-17   0.100000E-29   0.153833E+23
  0.132739E+01   0.100000E-29   0.199420E-17   0.100000E-29   0.376158E+22
  0.143549E+01   0.100000E-29   0.226542E-17   0.100000E-29   0.804591E+21
  0.155239E+01   0.100000E-29   0.253462E-17   0.100000E-29   0.148912E+21
  0.167880E+01   0.100000E-29   0.170433E-17   0.100000E-29   0.235676E+20
  0.181552E+01   0.100000E-29   0.106650E-17   0.100000E-29   0.314918E+19
  0.196336E+01   0.100000E-29   0.623618E-18   0.100000E-29   0.350421E+18
  0.212324E+01   0.100000E-29   0.539107E-18   0.100000E-29   0.319905E+17
  0.229615E+01   0.100000E-29   0.307522E-18   0.100000E-29   0.235771E+16
  0.248313E+01   0.100000E-29   0.320380E-18   0.100000E-29   0.137856E+15
  0.268534E+01   0.100000E-29   0.316443E-18   0.100000E-29   0.627541E+13
  0.290402E+01   0.100000E-29   0.228969E-18   0.100000E-29   0.217914E+12
  0.314051E+01   0.100000E-29   0.154497E-18   0.100000E-29   0.564652E+10
  0.339625E+01   0.100000E-29   0.160440E-18   0.100000E-29   0.106604E+09
  0.367282E+01   0.100000E-29   0.158656E-18   0.100000E-29   0.142912E+07
  0.397192E+01   0.100000E-29   0.167532E-18   0.100000E-29   0.132299E+05
  0.429536E+01   0.100000E-29   0.157313E-18   0.100000E-29   0.820618E+02
  0.464515E+01   0.100000E-29   0.165379E-18   0.100000E-29   0.330111E+00
  0.502343E+01   0.100000E-29   0.176005E-18   0.100000E-29   0.831380E-03
  0.543250E+01   0.100000E-29   0.866528E-19   0.100000E-29   0.126182E-05
  0.587489E+01   0.100000E-29   0.771857E-19   0.100000E-29   0.110750E-08
  0.635331E+01   0.100000E-29   0.763030E-19   0.100000E-29   0.537608E-12
  0.687068E+01   0.100000E-29   0.769339E-19   0.100000E-29   0.137537E-15
  0.743019E+01   0.100000E-29   0.822077E-19   0.100000E-29   0.176017E-19
  0.803526E+01   0.100000E-29   0.694412E-19   0.100000E-29   0.106505E-23
  0.868960E+01   0.100000E-29   0.759579E-19   0.100000E-29   0.286667E-28
  0.939723E+01   0.100000E-29   0.810690E-19   0.100000E-29   0.100000E-29
  0.101625E+02   0.100000E-29   0.916718E-19   0.100000E-29   0.100000E-29
  0.109901E+02   0.100000E-29   0.788358E-19   0.100000E-29   0.100000E-29
  0.118850E+02   0.100000E-29   0.580714E-19   0.100000E-29   0.100000E-29
  0.128529E+02   0.100000E-29   0.646282E-19   0.100000E-29   0.100000E-29
  0.138995E+02   0.100000E-29   0.737547E-19   0.100000E-29   0.100000E-29
  0.150314E+02   0.100000E-29   0.545875E-19   0.100000E-29   0.100000E-29
  0.162555E+02   0.100000E-29   0.474750E-19   0.100000E-29   0.100000E-29
  0.175792E+02   0.100000E-29   0.438908E-19   0.100000E-29   0.100000E-29
  0.190108E+02   0.100000E-29   0.493861E-19   0.100000E-29   0.100000E-29
  0.205589E+02   0.100000E-29   0.479804E-19   0.100000E-29   0.100000E-29
  0.222331E+02   0.100000E-29   0.249149E-19   0.100000E-29   0.100000E-29
  0.240436E+02   0.100000E-29   0.214755E-19   0.100000E-29   0.100000E-29
  0.260016E+02   0.100000E-29   0.118939E-19   0.100000E-29   0.100000E-29
  0.281190E+02   0.100000E-29   0.993639E-20   0.100000E-29   0.100000E-29
  0.304089E+02   0.100000E-29   0.108809E-19   0.100000E-29   0.100000E-29
  0.328852E+02   0.100000E-29   0.118421E-19   0.100000E-29   0.100000E-29
  0.355631E+02   0.100000E-29   0.137678E-19   0.100000E-29   0.100000E-29
  0.384592E+02   0.100000E-29   0.118349E-19   0.100000E-29   0.100000E-29
  0.415911E+02   0.100000E-29   0.120273E-19   0.100000E-29   0.100000E-29
  0.449780E+02   0.100000E-29   0.131934E-19   0.100000E-29   0.100000E-29
  0.486407E+02   0.100000E-29   0.144508E-19   0.100000E-29   0.100000E-29
  0.526017E+02   0.100000E-29   0.126901E-19   0.100000E-29   0.100000E-29
  0.568853E+02   0.100000E-29   0.115075E-19   0.100000E-29   0.100000E-29
  0.615177E+02   0.100000E-29   0.123992E-19   0.100000E-29   0.100000E-29
  0.665273E+02   0.100000E-29   0.132600E-19   0.100000E-29   0.100000E-29
  0.719449E+02   0.100000E-29   0.102332E-19   0.100000E-29   0.100000E-29
  0.778037E+02   0.100000E-29   0.104895E-19   0.100000E-29   0.100000E-29
  0.841395E+02   0.100000E-29   0.107081E-19   0.100000E-29   0.100000E-29
  0.909913E+02   0.100000E-29   0.103026E-19   0.100000E-29   0.100000E-29
  0.984011E+02   0.100000E-29   0.113509E-19   0.100000E-29   0.100000E-29
  0.106414E+03   0.100000E-29   0.115012E-19   0.100000E-29   0.100000E-29
  0.115080E+03   0.100000E-29   0.111795E-19   0.100000E-29   0.100000E-29
  0.124451E+03   0.100000E-29   0.112279E-19   0.100000E-29   0.100000E-29
  0.134586E+03   0.100000E-29   0.111353E-19   0.100000E-29   0.100000E-29
  0.145546E+03   0.100000E-29   0.110624E-19   0.100000E-29   0.100000E-29
  0.157398E+03   0.100000E-29   0.111526E-19   0.100000E-29   0.100000E-29
  0.170216E+03   0.100000E-29   0.110672E-19   0.100000E-29   0.100000E-29
  0.184077E+03   0.100000E-29   0.110932E-19   0.100000E-29   0.100000E-29
  0.199067E+03   0.100000E-29   0.730467E-20   0.100000E-29   0.100000E-29
  0.215278E+03   0.100000E-29   0.642427E-20   0.100000E-29   0.100000E-29
  0.232809E+03   0.100000E-29   0.583912E-20   0.100000E-29   0.100000E-29
  0.251768E+03   0.100000E-29   0.553813E-20   0.100000E-29   0.100000E-29
  0.272270E+03   0.100000E-29   0.516325E-20   0.100000E-29   0.100000E-29
  0.294442E+03   0.100000E-29   0.481185E-20   0.100000E-29   0.100000E-29
  0.318420E+03   0.100000E-29   0.455402E-20   0.100000E-29   0.100000E-29
  0.344350E+03   0.100000E-29   0.421657E-20   0.100000E-29   0.100000E-29
  0.372392E+03   0.100000E-29   0.390791E-20   0.100000E-29   0.100000E-29
  0.402717E+03   0.100000E-29   0.367636E-20   0.100000E-29   0.100000E-29
  0.435512E+03   0.100000E-29   0.338519E-20   0.100000E-29   0.100000E-29
  0.470977E+03   0.100000E-29   0.312533E-20   0.100000E-29   0.100000E-29
  0.509331E+03   0.100000E-29   0.293100E-20   0.100000E-29   0.100000E-29
  0.550808E+03   0.100000E-29   0.269501E-20   0.100000E-29   0.100000E-29
  0.595662E+03   0.100000E-29   0.248613E-20   0.100000E-29   0.100000E-29
  0.644169E+03   0.100000E-29   0.232842E-20   0.100000E-29   0.100000E-29
  0.696627E+03   0.100000E-29   0.213557E-20   0.100000E-29   0.100000E-29
  0.753356E+03   0.100000E-29   0.196216E-20   0.100000E-29   0.100000E-29
  0.814704E+03   0.100000E-29   0.183210E-20   0.100000E-29   0.100000E-29
  0.881049E+03   0.100000E-29   0.167951E-20   0.100000E-29   0.100000E-29
  0.952796E+03   0.100000E-29   0.154254E-20   0.100000E-29   0.100000E-29
  0.103039E+04   0.100000E-29   0.144009E-20   0.100000E-29   0.100000E-29
  0.111429E+04   0.100000E-29   0.131987E-20   0.100000E-29   0.100000E-29
  0.120504E+04   0.100000E-29   0.123044E-20   0.100000E-29   0.100000E-29
  0.130317E+04   0.100000E-29   0.112849E-20   0.100000E-29   0.100000E-29
  0.140929E+04   0.100000E-29   0.103251E-20   0.100000E-29   0.100000E-29
  0.152405E+04   0.100000E-29   0.961370E-21   0.100000E-29   0.100000E-29
  0.164816E+04   0.100000E-29   0.879426E-21   0.100000E-29   0.100000E-29
  0.178238E+04   0.100000E-29   0.798818E-21   0.100000E-29   0.100000E-29
  0.192752E+04   0.100000E-29   0.736751E-21   0.100000E-29   0.100000E-29
  0.208449E+04   0.100000E-29   0.664279E-21   0.100000E-29   0.100000E-29
  0.225424E+04   0.100000E-29   0.593964E-21   0.100000E-29   0.100000E-29
  0.243781E+04   0.100000E-29   0.536739E-21   0.100000E-29   0.100000E-29
  0.263633E+04   0.100000E-29   0.469717E-21   0.100000E-29   0.100000E-29
  0.285102E+04   0.100000E-29   0.405148E-21   0.100000E-29   0.100000E-29
  0.308319E+04   0.100000E-29   0.350191E-21   0.100000E-29   0.100000E-29
  0.333426E+04   0.100000E-29   0.294163E-21   0.100000E-29   0.100000E-29
  0.360579E+04   0.100000E-29   0.247480E-21   0.100000E-29   0.100000E-29
  0.389942E+04   0.100000E-29   0.212495E-21   0.100000E-29   0.100000E-29
  0.421697E+04   0.100000E-29   0.177914E-21   0.100000E-29   0.100000E-29
  0.456037E+04   0.100000E-29   0.149310E-21   0.100000E-29   0.100000E-29
  0.493174E+04   0.100000E-29   0.128016E-21   0.100000E-29   0.100000E-29
  0.533335E+04   0.100000E-29   0.107211E-21   0.100000E-29   0.100000E-29
  0.576766E+04   0.100000E-29   0.897156E-22   0.100000E-29   0.100000E-29
  0.623735E+04   0.100000E-29   0.765379E-22   0.100000E-29   0.100000E-29
  0.674528E+04   0.100000E-29   0.639033E-22   0.100000E-29   0.100000E-29
  0.729458E+04   0.100000E-29   0.531305E-22   0.100000E-29   0.100000E-29
  0.788860E+04   0.100000E-29   0.452720E-22   0.100000E-29   0.100000E-29
  0.853100E+04   0.100000E-29   0.376252E-22   0.100000E-29   0.100000E-29
  0.922571E+04   0.100000E-29   0.312655E-22   0.100000E-29   0.100000E-29
  0.997700E+04   0.100000E-29   0.264910E-22   0.100000E-29   0.100000E-29
  0.107895E+05   0.100000E-29   0.219555E-22   0.100000E-29   0.100000E-29
  0.116681E+05   0.100000E-29   0.181541E-22   0.100000E-29   0.100000E-29
  0.126183E+05   0.100000E-29   0.153588E-22   0.100000E-29   0.100000E-29
  0.136458E+05   0.100000E-29   0.126674E-22   0.100000E-29   0.100000E-29
  0.147571E+05   0.100000E-29   0.104337E-22   0.100000E-29   0.100000E-29
  0.159588E+05   0.100000E-29   0.878335E-23   0.100000E-29   0.100000E-29
  0.172584E+05   0.100000E-29   0.720561E-23   0.100000E-29   0.100000E-29
  0.186638E+05   0.100000E-29   0.590980E-23   0.100000E-29   0.100000E-29
  0.201837E+05   0.100000E-29   0.496162E-23   0.100000E-29   0.100000E-29
  0.218273E+05   0.100000E-29   0.405454E-23   0.100000E-29   0.100000E-29
  0.236048E+05   0.100000E-29   0.331618E-23   0.100000E-29   0.100000E-29
  0.255270E+05   0.100000E-29   0.277092E-23   0.100000E-29   0.100000E-29
  0.276058E+05   0.100000E-29   0.225851E-23   0.100000E-29   0.100000E-29
  0.298538E+05   0.100000E-29   0.183822E-23   0.100000E-29   0.100000E-29
  0.322849E+05   0.100000E-29   0.153253E-23   0.100000E-29   0.100000E-29
  0.349140E+05   0.100000E-29   0.124350E-23   0.100000E-29   0.100000E-29
  0.377572E+05   0.100000E-29   0.100993E-23   0.100000E-29   0.100000E-29
  0.408319E+05   0.100000E-29   0.838432E-24   0.100000E-29   0.100000E-29
  0.441570E+05   0.100000E-29   0.678868E-24   0.100000E-29   0.100000E-29
  0.477529E+05   0.100000E-29   0.550249E-24   0.100000E-29   0.100000E-29
  0.516416E+05   0.100000E-29   0.454556E-24   0.100000E-29   0.100000E-29
  0.558470E+05   0.100000E-29   0.367361E-24   0.100000E-29   0.100000E-29
  0.603949E+05   0.100000E-29   0.303630E-24   0.100000E-29   0.100000E-29
  0.653131E+05   0.100000E-29   0.244945E-24   0.100000E-29   0.100000E-29
  0.706318E+05   0.100000E-29   0.197040E-24   0.100000E-29   0.100000E-29
  0.763836E+05   0.100000E-29   0.162292E-24   0.100000E-29   0.100000E-29
  0.826038E+05   0.100000E-29   0.130617E-24   0.100000E-29   0.100000E-29
  0.893305E+05   0.100000E-29   0.105061E-24   0.100000E-29   0.100000E-29
  0.966051E+05   0.100000E-29   0.863476E-25   0.100000E-29   0.100000E-29
  0.104472E+06   0.100000E-29   0.693448E-25   0.100000E-29   0.100000E-29
  0.112980E+06   0.100000E-29   0.556024E-25   0.100000E-29   0.100000E-29
  0.122180E+06   0.100000E-29   0.457221E-25   0.100000E-29   0.100000E-29
  0.132130E+06   0.100000E-29   0.366087E-25   0.100000E-29   0.100000E-29
  0.142889E+06   0.100000E-29   0.292669E-25   0.100000E-29   0.100000E-29
  0.154525E+06   0.100000E-29   0.240264E-25   0.100000E-29   0.100000E-29
  0.167109E+06   0.100000E-29   0.191886E-25   0.100000E-29   0.100000E-29
  0.180717E+06   0.100000E-29   0.153481E-25   0.100000E-29   0.100000E-29
  0.195434E+06   0.100000E-29   0.125676E-25   0.100000E-29   0.100000E-29
  0.211349E+06   0.100000E-29   0.100340E-25   0.100000E-29   0.100000E-29
  0.228560E+06   0.100000E-29   0.800588E-26   0.100000E-29   0.100000E-29
  0.247172E+06   0.100000E-29   0.655453E-26   0.100000E-29   0.100000E-29
  0.267301E+06   0.100000E-29   0.522497E-26   0.100000E-29   0.100000E-29
  0.289068E+06   0.100000E-29   0.416453E-26   0.100000E-29   0.100000E-29
  0.312608E+06   0.100000E-29   0.340218E-26   0.100000E-29   0.100000E-29
  0.338065E+06   0.100000E-29   0.270962E-26   0.100000E-29   0.100000E-29
  0.365595E+06   0.100000E-29   0.215930E-26   0.100000E-29   0.100000E-29
  0.395367E+06   0.100000E-29   0.176218E-26   0.100000E-29   0.100000E-29
  0.427563E+06   0.100000E-29   0.139893E-26   0.100000E-29   0.100000E-29
  0.462381E+06   0.100000E-29   0.111496E-26   0.100000E-29   0.100000E-29
  0.500035E+06   0.100000E-29   0.911237E-27   0.100000E-29   0.100000E-29
  0.540754E+06   0.100000E-29   0.723579E-27   0.100000E-29   0.100000E-29
  0.584790E+06   0.100000E-29   0.574971E-27   0.100000E-29   0.100000E-29
  0.632412E+06   0.100000E-29   0.468458E-27   0.100000E-29   0.100000E-29
  0.683912E+06   0.100000E-29   0.372538E-27   0.100000E-29   0.100000E-29
  0.739605E+06   0.100000E-29   0.295102E-27   0.100000E-29   0.100000E-29
  0.799834E+06   0.100000E-29   0.240537E-27   0.100000E-29   0.100000E-29
  0.864968E+06   0.100000E-29   0.191165E-27   0.100000E-29   0.100000E-29
  0.935406E+06   0.100000E-29   0.151674E-27   0.100000E-29   0.100000E-29
  0.101158E+07   0.100000E-29   0.123422E-27   0.100000E-29   0.100000E-29
  0.109396E+07   0.100000E-29   0.980258E-28   0.100000E-29   0.100000E-29
  0.118304E+07   0.100000E-29   0.777331E-28   0.100000E-29   0.100000E-29
  0.127938E+07   0.100000E-29   0.632135E-28   0.100000E-29   0.100000E-29
  0.138357E+07   0.100000E-29   0.500641E-28   0.100000E-29   0.100000E-29
  0.149624E+07   0.100000E-29   0.396144E-28   0.100000E-29   0.100000E-29
  0.161808E+07   0.100000E-29   0.316203E-28   0.100000E-29   0.100000E-29
  0.174985E+07   0.100000E-29   0.244000E-28   0.100000E-29   0.100000E-29
  0.189234E+07   0.100000E-29   0.190554E-28   0.100000E-29   0.100000E-29
  0.204644E+07   0.100000E-29   0.141794E-28   0.100000E-29   0.100000E-29
  0.221309E+07   0.100000E-29   0.101542E-28   0.100000E-29   0.100000E-29
  0.239332E+07   0.100000E-29   0.701972E-29   0.100000E-29   0.100000E-29
  0.258821E+07   0.100000E-29   0.408525E-29   0.100000E-29   0.100000E-29
  0.279898E+07   0.100000E-29   0.148864E-29   0.100000E-29   0.100000E-29
  0.302691E+07   0.100000E-29   0.100000E-29   0.100000E-29   0.100000E-29
  0.327341E+07   0.100000E-29   0.100000E-29   0.100000E-29   0.100000E-29
  0.353997E+07   0.100000E-29   0.100000E-29   0.100000E-29   0.100000E-29
  0.382825E+07   0.100000E-29   0.100000E-29   0.100000E-29   0.100000E-29
  0.414000E+07   0.100000E-29   0.100000E-29   0.100000E-29   0.100000E-29
  0.447713E+07   0.100000E-29   0.100000E-29   0.100000E-29   0.100000E-29
  0.484172E+07   0.100000E-29   0.100000E-29   0.100000E-29   0.100000E-29
  0.523600E+07   0.100000E-29   0.100000E-29   0.100000E-29   0.100000E-29
  0.566239E+07   0.100000E-29   0.100000E-29   0.100000E-29   0.100000E-29
  0.612350E+07   0.100000E-29   0.100000E-29   0.100000E-29   0.100000E-29
  0.662217E+07   0.100000E-29   0.100000E-29   0.100000E-29   0.100000E-29
  0.716143E+07   0.100000E-29   0.100000E-29   0.100000E-29   0.100000E-29
  0.774462E+07   0.100000E-29   0.100000E-29   0.100000E-29   0.100000E-29
  0.837529E+07   0.100000E-29   0.100000E-29   0.100000E-29   0.100000E-29
  0.905733E+07   0.100000E-29   0.100000E-29   0.100000E-29   0.100000E-29
  0.979490E+07   0.100000E-29   0.100000E-29   0.100000E-29   0.100000E-29
  0.105925E+08   0.100000E-29   0.100000E-29   0.100000E-29   0.100000E-29
  0.114551E+08   0.100000E-29   0.100000E-29   0.100000E-29   0.100000E-29
  0.123880E+08   0.100000E-29   0.100000E-29   0.100000E-29   0.100000E-29
  0.133968E+08   0.100000E-29   0.100000E-29   0.100000E-29   0.100000E-29
  0.144877E+08   0.100000E-29   0.100000E-29   0.100000E-29   0.100000E-29
  0.156675E+08   0.100000E-29   0.100000E-29   0.100000E-29   0.100000E-29
  0.169434E+08   0.100000E-29   0.100000E-29   0.100000E-29   0.100000E-29
  0.183231E+08   0.100000E-29   0.100000E-29   0.100000E-29   0.100000E-29
  0.198153E+08   0.100000E-29   0.100000E-29   0.100000E-29   0.100000E-29
  0.214289E+08   0.100000E-29   0.100000E-29   0.100000E-29   0.100000E-29
  0.231739E+08   0.100000E-29   0.100000E-29   0.100000E-29   0.100000E-29
  0.250611E+08   0.100000E-29   0.100000E-29   0.100000E-29   0.100000E-29
  0.271019E+08   0.100000E-29   0.100000E-29   0.100000E-29   0.100000E-29
  0.293089E+08   0.100000E-29   0.100000E-29   0.100000E-29   0.100000E-29
  0.316957E+08   0.100000E-29   0.100000E-29   0.100000E-29   0.100000E-29
  0.342768E+08   0.100000E-29   0.100000E-29   0.100000E-29   0.100000E-29
  0.370681E+08   0.100000E-29   0.100000E-29   0.100000E-29   0.100000E-29
  0.400867E+08   0.100000E-29   0.100000E-29   0.100000E-29   0.100000E-29
  0.433511E+08   0.100000E-29   0.100000E-29   0.100000E-29   0.100000E-29
  0.468813E+08   0.100000E-29   0.100000E-29   0.100000E-29   0.100000E-29
  0.506991E+08   0.100000E-29   0.100000E-29   0.100000E-29   0.100000E-29
  0.548277E+08   0.100000E-29   0.100000E-29   0.100000E-29   0.100000E-29
  0.592925E+08   0.100000E-29   0.100000E-29   0.100000E-29   0.100000E-29
  0.641210E+08   0.100000E-29   0.100000E-29   0.100000E-29   0.100000E-29
  0.693426E+08   0.100000E-29   0.100000E-29   0.100000E-29   0.100000E-29
  0.749894E+08   0.100000E-29   0.100000E-29   0.100000E-29   0.100000E-29
  0.810961E+08   0.100000E-29   0.100000E-29   0.100000E-29   0.100000E-29
  0.877001E+08   0.100000E-29   0.100000E-29   0.100000E-29   0.100000E-29
  0.948418E+08   0.100000E-29   0.100000E-29   0.100000E-29   0.100000E-29
  0.102565E+09   0.100000E-29   0.100000E-29   0.100000E-29   0.100000E-29
  0.110917E+09   0.100000E-29   0.100000E-29   0.100000E-29   0.100000E-29
  0.119950E+09   0.100000E-29   0.100000E-29   0.100000E-29   0.100000E-29
  0.129718E+09   0.100000E-29   0.100000E-29   0.100000E-29   0.100000E-29
  0.140281E+09   0.100000E-29   0.100000E-29   0.100000E-29   0.100000E-29
  0.151705E+09   0.100000E-29   0.100000E-29   0.100000E-29   0.100000E-29
  0.164059E+09   0.100000E-29   0.100000E-29   0.100000E-29   0.100000E-29
  0.177419E+09   0.100000E-29   0.100000E-29   0.100000E-29   0.100000E-29
  0.191867E+09   0.100000E-29   0.100000E-29   0.100000E-29   0.100000E-29
  0.207491E+09   0.100000E-29   0.100000E-29   0.100000E-29   0.100000E-29
  0.224388E+09   0.100000E-29   0.100000E-29   0.100000E-29   0.100000E-29
  0.242661E+09   0.100000E-29   0.100000E-29   0.100000E-29   0.100000E-29
  0.262422E+09   0.100000E-29   0.100000E-29   0.100000E-29   0.100000E-29
  0.283792E+09   0.100000E-29   0.100000E-29   0.100000E-29   0.100000E-29
  0.306902E+09   0.100000E-29   0.100000E-29   0.100000E-29   0.100000E-29
  0.331894E+09   0.100000E-29   0.100000E-29   0.100000E-29   0.100000E-29
  0.358922E+09   0.100000E-29   0.100000E-29   0.100000E-29   0.100000E-29
  0.388150E+09   0.100000E-29   0.100000E-29   0.100000E-29   0.100000E-29
  0.419759E+09   0.100000E-29   0.100000E-29   0.100000E-29   0.100000E-29
  0.453942E+09   0.100000E-29   0.100000E-29   0.100000E-29   0.100000E-29
  0.490908E+09   0.100000E-29   0.100000E-29   0.100000E-29   0.100000E-29
  0.530884E+09   0.100000E-29   0.100000E-29   0.100000E-29   0.100000E-29
  0.574116E+09   0.100000E-29   0.100000E-29   0.100000E-29   0.100000E-29
  0.620869E+09   0.100000E-29   0.100000E-29   0.100000E-29   0.100000E-29
  0.671429E+09   0.100000E-29   0.100000E-29   0.100000E-29   0.100000E-29
  0.726106E+09   0.100000E-29   0.100000E-29   0.100000E-29   0.100000E-29
  0.785236E+09   0.100000E-29   0.100000E-29   0.100000E-29   0.100000E-29
  0.849180E+09   0.100000E-29   0.100000E-29   0.100000E-29   0.100000E-29
  0.918333E+09   0.100000E-29   0.100000E-29   0.100000E-29   0.100000E-29
  0.993116E+09   0.100000E-29   0.100000E-29   0.100000E-29   0.100000E-29
  0.107399E+10   0.100000E-29   0.100000E-29   0.100000E-29   0.100000E-29
  0.116145E+10   0.100000E-29   0.100000E-29   0.100000E-29   0.100000E-29
  0.125603E+10   0.100000E-29   0.100000E-29   0.100000E-29   0.100000E-29
  0.135831E+10   0.100000E-29   0.100000E-29   0.100000E-29   0.100000E-29
  0.146893E+10   0.100000E-29   0.100000E-29   0.100000E-29   0.100000E-29
  0.158855E+10   0.100000E-29   0.100000E-29   0.100000E-29   0.100000E-29
  0.171791E+10   0.100000E-29   0.100000E-29   0.100000E-29   0.100000E-29
  0.185780E+10   0.100000E-29   0.100000E-29   0.100000E-29   0.100000E-29
  0.200909E+10   0.100000E-29   0.100000E-29   0.100000E-29   0.100000E-29
  0.217270E+10   0.100000E-29   0.100000E-29   0.100000E-29   0.100000E-29
  0.234963E+10   0.100000E-29   0.100000E-29   0.100000E-29   0.100000E-29
  0.254097E+10   0.100000E-29   0.100000E-29   0.100000E-29   0.100000E-29
  0.274789E+10   0.100000E-29   0.100000E-29   0.100000E-29   0.100000E-29
  0.297167E+10   0.100000E-29   0.100000E-29   0.100000E-29   0.100000E-29
  0.321366E+10   0.100000E-29   0.100000E-29   0.100000E-29   0.100000E-29
  0.347536E+10   0.100000E-29   0.100000E-29   0.100000E-29   0.100000E-29
  0.375837E+10   0.100000E-29   0.100000E-29   0.100000E-29   0.100000E-29
  0.406443E+10   0.100000E-29   0.100000E-29   0.100000E-29   0.100000E-29
  0.439542E+10   0.100000E-29   0.100000E-29   0.100000E-29   0.100000E-29
  0.475335E+10   0.100000E-29   0.100000E-29   0.100000E-29   0.100000E-29
  0.514044E+10   0.100000E-29   0.100000E-29   0.100000E-29   0.100000E-29
  0.555904E+10   0.100000E-29   0.100000E-29   0.100000E-29   0.100000E-29
  0.601174E+10   0.100000E-29   0.100000E-29   0.100000E-29   0.100000E-29
  0.650130E+10   0.100000E-29   0.100000E-29   0.100000E-29   0.100000E-29
  0.703072E+10   0.100000E-29   0.100000E-29   0.100000E-29   0.100000E-29
  0.760326E+10   0.100000E-29   0.100000E-29   0.100000E-29   0.100000E-29
  0.822243E+10   0.100000E-29   0.100000E-29   0.100000E-29   0.100000E-29
  0.889201E+10   0.100000E-29   0.100000E-29   0.100000E-29   0.100000E-29
  0.961612E+10   0.100000E-29   0.100000E-29   0.100000E-29   0.100000E-29
