  0.103992E-06   0.331516E+39   0.100000E-29   0.128762E+22   0.686237E+15
  0.112460E-06   0.387707E+39   0.100000E-29   0.150587E+22   0.802554E+15
  0.121619E-06   0.453422E+39   0.127484E-23   0.176110E+22   0.938587E+15
  0.131522E-06   0.530276E+39   0.313661E-23   0.205959E+22   0.109768E+16
  0.142233E-06   0.620156E+39   0.366827E-23   0.240868E+22   0.128373E+16
  0.153815E-06   0.725271E+39   0.671948E-23   0.281692E+22   0.150132E+16
  0.166341E-06   0.848202E+39   0.108426E-22   0.329437E+22   0.175580E+16
  0.179887E-06   0.991969E+39   0.162730E-22   0.385273E+22   0.205340E+16
  0.194536E-06   0.116010E+40   0.235312E-22   0.450572E+22   0.240145E+16
  0.210378E-06   0.135674E+40   0.275197E-22   0.526939E+22   0.280850E+16
  0.227510E-06   0.158670E+40   0.385474E-22   0.616248E+22   0.328454E+16
  0.246037E-06   0.185564E+40   0.475195E-22   0.720694E+22   0.384126E+16
  0.266073E-06   0.217016E+40   0.580146E-22   0.842841E+22   0.449235E+16
  0.287740E-06   0.253799E+40   0.593463E-22   0.985689E+22   0.525381E+16
  0.311172E-06   0.296816E+40   0.821322E-22   0.115275E+23   0.614432E+16
  0.336512E-06   0.347125E+40   0.987943E-22   0.134811E+23   0.718578E+16
  0.363915E-06   0.405960E+40   0.118679E-21   0.157659E+23   0.840376E+16
  0.393550E-06   0.474767E+40   0.141479E-21   0.184379E+23   0.982819E+16
  0.425598E-06   0.555237E+40   0.165460E-21   0.215627E+23   0.114941E+17
  0.460257E-06   0.649345E+40   0.196361E-21   0.252170E+23   0.134423E+17
  0.497737E-06   0.759403E+40   0.232672E-21   0.294906E+23   0.157208E+17
  0.538270E-06   0.888115E+40   0.274782E-21   0.344884E+23   0.183854E+17
  0.582103E-06   0.103864E+41   0.276821E-21   0.403331E+23   0.215017E+17
  0.629506E-06   0.121468E+41   0.378652E-21   0.471682E+23   0.251462E+17
  0.680769E-06   0.142055E+41   0.445450E-21   0.551615E+23   0.294085E+17
  0.736207E-06   0.166132E+41   0.532395E-21   0.645091E+23   0.343932E+17
  0.796159E-06   0.194289E+41   0.635425E-21   0.754407E+23   0.402229E+17
  0.860994E-06   0.227218E+41   0.743129E-21   0.882243E+23   0.470406E+17
  0.931108E-06   0.265728E+41   0.885266E-21   0.103174E+24   0.550139E+17
  0.100693E-05   0.310764E+41   0.106799E-20   0.120656E+24   0.643387E+17
  0.108893E-05   0.363433E+41   0.128474E-20   0.141100E+24   0.752441E+17
  0.117761E-05   0.425028E+41   0.153779E-20   0.165008E+24   0.879978E+17
  0.127350E-05   0.497061E+41   0.179844E-20   0.192965E+24   0.102913E+18
  0.137721E-05   0.581302E+41   0.218022E-20   0.225659E+24   0.120357E+18
  0.148936E-05   0.679818E+41   0.258504E-20   0.263890E+24   0.140757E+18
  0.161065E-05   0.795028E+41   0.309402E-20   0.308596E+24   0.164616E+18
  0.174181E-05   0.929762E+41   0.314797E-20   0.360874E+24   0.192518E+18
  0.188365E-05   0.108733E+42   0.430137E-20   0.422005E+24   0.225149E+18
  0.203704E-05   0.127159E+42   0.508773E-20   0.493489E+24   0.263312E+18
  0.220293E-05   0.148708E+42   0.606165E-20   0.577077E+24   0.307943E+18
  0.238232E-05   0.173908E+42   0.719215E-20   0.674817E+24   0.360138E+18
  0.257632E-05   0.203378E+42   0.841121E-20   0.789105E+24   0.421181E+18
  0.278612E-05   0.237841E+42   0.992059E-20   0.922740E+24   0.492571E+18
  0.301301E-05   0.278144E+42   0.118114E-19   0.107900E+25   0.576061E+18
  0.325837E-05   0.325274E+42   0.139874E-19   0.126170E+25   0.673702E+18
  0.352371E-05   0.380389E+42   0.141891E-19   0.147531E+25   0.787893E+18
  0.381066E-05   0.444841E+42   0.193429E-19   0.172508E+25   0.921439E+18
  0.412098E-05   0.520211E+42   0.227625E-19   0.201710E+25   0.107762E+19
  0.445656E-05   0.608349E+42   0.267338E-19   0.235851E+25   0.126027E+19
  0.481948E-05   0.711415E+42   0.317347E-19   0.275767E+25   0.147389E+19
  0.521195E-05   0.831939E+42   0.371137E-19   0.322432E+25   0.172371E+19
  0.563638E-05   0.972875E+42   0.433947E-19   0.376987E+25   0.201587E+19
  0.609537E-05   0.113768E+43   0.507276E-19   0.440762E+25   0.235755E+19
  0.659174E-05   0.133039E+43   0.550429E-19   0.515315E+25   0.275715E+19
  0.712853E-05   0.155574E+43   0.599184E-19   0.602464E+25   0.322448E+19
  0.770903E-05   0.181924E+43   0.789275E-19   0.704332E+25   0.377101E+19
  0.833681E-05   0.212735E+43   0.885916E-19   0.823401E+25   0.441018E+19
  0.901571E-05   0.248762E+43   0.994260E-19   0.962569E+25   0.515769E+19
  0.974990E-05   0.290887E+43   0.110966E-18   0.112522E+26   0.603189E+19
  0.105439E-04   0.340142E+43   0.124141E-18   0.131531E+26   0.705427E+19
  0.114025E-04   0.397733E+43   0.164325E-18   0.153745E+26   0.824993E+19
  0.123310E-04   0.465068E+43   0.185218E-18   0.179702E+26   0.964824E+19
  0.133352E-04   0.543795E+43   0.223535E-18   0.210033E+26   0.112836E+20
  0.144212E-04   0.635839E+43   0.267505E-18   0.245471E+26   0.131960E+20
  0.155955E-04   0.743450E+43   0.313421E-18   0.286873E+26   0.154327E+20
  0.168655E-04   0.869259E+43   0.364171E-18   0.335237E+26   0.180484E+20
  0.182390E-04   0.101634E+44   0.430766E-18   0.391731E+26   0.211074E+20
  0.197242E-04   0.118828E+44   0.502257E-18   0.457714E+26   0.246850E+20
  0.213304E-04   0.138927E+44   0.589429E-18   0.534771E+26   0.288688E+20
  0.230675E-04   0.162423E+44   0.696104E-18   0.624751E+26   0.337618E+20
  0.249459E-04   0.189887E+44   0.810612E-18   0.729808E+26   0.394840E+20
  0.269774E-04   0.221989E+44   0.950157E-18   0.852450E+26   0.461761E+20
  0.291743E-04   0.259510E+44   0.112081E-17   0.995601E+26   0.540023E+20
  0.315500E-04   0.303362E+44   0.130393E-17   0.116266E+27   0.631549E+20
  0.341193E-04   0.354612E+44   0.152723E-17   0.135760E+27   0.738587E+20
  0.368978E-04   0.414503E+44   0.180099E-17   0.158501E+27   0.863765E+20
  0.399025E-04   0.484490E+44   0.209381E-17   0.185025E+27   0.101016E+21
  0.431519E-04   0.566267E+44   0.245042E-17   0.215956E+27   0.118136E+21
  0.466659E-04   0.661815E+44   0.289032E-17   0.252016E+27   0.138158E+21
  0.504661E-04   0.773444E+44   0.336017E-17   0.294045E+27   0.161572E+21
  0.545758E-04   0.903848E+44   0.393205E-17   0.343018E+27   0.188955E+21
  0.590201E-04   0.105617E+45   0.464019E-17   0.400064E+27   0.220978E+21
  0.638263E-04   0.123409E+45   0.539996E-17   0.466492E+27   0.258427E+21
  0.690240E-04   0.144186E+45   0.633454E-17   0.543816E+27   0.302222E+21
  0.746449E-04   0.168449E+45   0.747267E-17   0.633790E+27   0.353439E+21
  0.807235E-04   0.196777E+45   0.870459E-17   0.738438E+27   0.413334E+21
  0.872971E-04   0.229848E+45   0.102781E-16   0.860098E+27   0.483379E+21
  0.944061E-04   0.268449E+45   0.120688E-16   0.100146E+28   0.565291E+21
  0.102094E-03   0.313500E+45   0.141121E-16   0.116564E+28   0.661083E+21
  0.110408E-03   0.366067E+45   0.167287E-16   0.135619E+28   0.773104E+21
  0.119399E-03   0.427395E+45   0.197006E-16   0.157721E+28   0.904105E+21
  0.129122E-03   0.498928E+45   0.230125E-16   0.183339E+28   0.105730E+22
  0.139637E-03   0.582346E+45   0.272447E-16   0.213011E+28   0.123645E+22
  0.151008E-03   0.679601E+45   0.319716E-16   0.247348E+28   0.144594E+22
  0.163305E-03   0.792959E+45   0.372198E-16   0.287049E+28   0.169093E+22
  0.176604E-03   0.925049E+45   0.438446E-16   0.332906E+28   0.197741E+22
  0.190985E-03   0.107892E+46   0.511773E-16   0.385817E+28   0.231241E+22
  0.206538E-03   0.125811E+46   0.592328E-16   0.446793E+28   0.270416E+22
  0.223357E-03   0.146670E+46   0.695050E-16   0.516975E+28   0.316225E+22
  0.241546E-03   0.170942E+46   0.810367E-16   0.597637E+28   0.369792E+22
  0.261216E-03   0.199175E+46   0.939940E-16   0.690202E+28   0.432429E+22
  0.282488E-03   0.232000E+46   0.110808E-15   0.796246E+28   0.505673E+22
  0.305492E-03   0.270144E+46   0.129814E-15   0.917504E+28   0.591317E+22
  0.330370E-03   0.314445E+46   0.151405E-15   0.105588E+29   0.691459E+22
  0.357273E-03   0.365868E+46   0.180893E-15   0.121342E+29   0.808554E+22
  0.386367E-03   0.425520E+46   0.213363E-15   0.139234E+29   0.945468E+22
  0.417830E-03   0.494669E+46   0.248122E-15   0.159499E+29   0.110555E+23
  0.451856E-03   0.574766E+46   0.290395E-15   0.182381E+29   0.129273E+23
  0.488652E-03   0.667469E+46   0.333765E-15   0.208131E+29   0.151157E+23
  0.528445E-03   0.774666E+46   0.377859E-15   0.236999E+29   0.176743E+23
  0.571479E-03   0.898501E+46   0.428881E-15   0.269227E+29   0.206657E+23
  0.618016E-03   0.104141E+47   0.478456E-15   0.305037E+29   0.241630E+23
  0.668344E-03   0.120612E+47   0.523313E-15   0.344619E+29   0.282515E+23
  0.722770E-03   0.139574E+47   0.568617E-15   0.388111E+29   0.330313E+23
  0.781628E-03   0.161372E+47   0.606642E-15   0.435578E+29   0.386188E+23
  0.845279E-03   0.186391E+47   0.640764E-15   0.486990E+29   0.451505E+23
  0.914113E-03   0.215060E+47   0.684394E-15   0.542189E+29   0.527856E+23
  0.988553E-03   0.247851E+47   0.718080E-15   0.600858E+29   0.617100E+23
  0.106905E-02   0.285281E+47   0.755650E-15   0.662488E+29   0.721411E+23
  0.115611E-02   0.327910E+47   0.802946E-15   0.726341E+29   0.843327E+23
  0.125026E-02   0.376341E+47   0.843487E-15   0.791416E+29   0.985811E+23
  0.135207E-02   0.431214E+47   0.882698E-15   0.856424E+29   0.115233E+24
  0.146218E-02   0.493201E+47   0.938898E-15   0.919768E+29   0.134691E+24
  0.158125E-02   0.562989E+47   0.985212E-15   0.979549E+29   0.157428E+24
  0.171002E-02   0.641269E+47   0.103808E-14   0.103359E+30   0.183995E+24
  0.184927E-02   0.728711E+47   0.110731E-14   0.107948E+30   0.215034E+24
  0.199986E-02   0.825937E+47   0.116199E-14   0.111470E+30   0.251295E+24
  0.216272E-02   0.933483E+47   0.122522E-14   0.113673E+30   0.293653E+24
  0.233884E-02   0.105175E+48   0.130378E-14   0.114327E+30   0.343127E+24
  0.252930E-02   0.118095E+48   0.136499E-14   0.113241E+30   0.400909E+24
  0.273527E-02   0.132103E+48   0.143104E-14   0.110292E+30   0.468384E+24
  0.295801E-02   0.147162E+48   0.151355E-14   0.105445E+30   0.547171E+24
  0.319890E-02   0.163191E+48   0.157257E-14   0.987766E+29   0.639153E+24
  0.345939E-02   0.180057E+48   0.163465E-14   0.904809E+29   0.746524E+24
  0.374111E-02   0.197565E+48   0.171313E-14   0.808730E+29   0.871839E+24
  0.404576E-02   0.215451E+48   0.176037E-14   0.703710E+29   0.101807E+25
  0.437522E-02   0.233370E+48   0.181123E-14   0.594642E+29   0.118869E+25
  0.473151E-02   0.250895E+48   0.187897E-14   0.486680E+29   0.138772E+25
  0.511682E-02   0.267513E+48   0.190981E-14   0.384710E+29   0.161983E+25
  0.553350E-02   0.282634E+48   0.196705E-14   0.292831E+29   0.189046E+25
  0.598412E-02   0.295603E+48   0.199436E-14   0.213941E+29   0.220594E+25
  0.647143E-02   0.305728E+48   0.200869E-14   0.149509E+29   0.257359E+25
  0.699842E-02   0.312314E+48   0.202043E-14   0.995692E+28   0.300191E+25
  0.756833E-02   0.314712E+48   0.205630E-14   0.629422E+28   0.350076E+25
  0.818465E-02   0.312383E+48   0.205713E-14   0.376060E+28   0.408155E+25
  0.885116E-02   0.304958E+48   0.207655E-14   0.211380E+28   0.475749E+25
  0.957194E-02   0.292307E+48   0.206913E-14   0.111224E+28   0.554383E+25
  0.103514E-01   0.274593E+48   0.204841E-14   0.544901E+27   0.645823E+25
  0.111944E-01   0.252311E+48   0.205678E-14   0.247115E+27   0.752100E+25
  0.121060E-01   0.226284E+48   0.203511E-14   0.103088E+27   0.875559E+25
  0.130918E-01   0.197630E+48   0.200180E-14   0.392911E+26   0.101890E+26
  0.141579E-01   0.167675E+48   0.200119E-14   0.135818E+26   0.118521E+26
  0.153109E-01   0.137838E+48   0.196502E-14   0.422424E+25   0.137805E+26
  0.165577E-01   0.109480E+48   0.192567E-14   0.117200E+25   0.160149E+26
  0.179061E-01   0.837678E+47   0.191691E-14   0.287380E+24   0.186018E+26
  0.193642E-01   0.615464E+47   0.187489E-14   0.616547E+23   0.215942E+26
  0.209411E-01   0.432742E+47   0.181721E-14   0.114481E+23   0.250523E+26
  0.226464E-01   0.290109E+47   0.180425E-14   0.181821E+22   0.290445E+26
  0.244906E-01   0.184710E+47   0.176579E-14   0.243881E+21   0.336481E+26
  0.264850E-01   0.111217E+47   0.172631E-14   0.272493E+20   0.389502E+26
  0.286418E-01   0.630404E+46   0.170008E-14   0.249871E+19   0.450485E+26
  0.309742E-01   0.334727E+46   0.164228E-14   0.185043E+18   0.520523E+26
  0.334965E-01   0.165604E+46   0.157862E-14   0.108759E+17   0.600830E+26
  0.362243E-01   0.759031E+45   0.154783E-14   0.497879E+15   0.692747E+26
  0.391742E-01   0.320296E+45   0.151816E-14   0.173943E+14   0.797747E+26
  0.423643E-01   0.123602E+45   0.149549E-14   0.453689E+12   0.917434E+26
  0.458142E-01   0.433027E+44   0.145853E-14   0.862660E+10   0.105354E+27
  0.495450E-01   0.136649E+44   0.140154E-14   0.116540E+09   0.120791E+27
  0.535797E-01   0.385122E+43   0.135037E-14   0.108786E+07   0.138250E+27
  0.579429E-01   0.960498E+42   0.131649E-14   0.680866E+04   0.157930E+27
  0.626614E-01   0.209882E+42   0.127502E-14   0.276569E+02   0.180037E+27
  0.677642E-01   0.397520E+41   0.124239E-14   0.703899E-01   0.204771E+27
  0.732825E-01   0.645046E+40   0.123830E-14   0.108056E-03   0.232321E+27
  0.792501E-01   0.885528E+39   0.113879E-14   0.960137E-07   0.262856E+27
  0.857038E-01   0.101457E+39   0.103552E-14   0.472316E-10   0.296511E+27
  0.926830E-01   0.955935E+37   0.101419E-14   0.122584E-13   0.333370E+27
  0.100231E+00   0.729006E+36   0.951562E-15   0.159340E-17   0.373452E+27
  0.108393E+00   0.442292E+35   0.919943E-15   0.980496E-22   0.416682E+27
  0.117220E+00   0.209544E+34   0.913598E-15   0.268753E-26   0.462873E+27
  0.126765E+00   0.759765E+32   0.895833E-15   0.100000E-29   0.511694E+27
  0.137088E+00   0.206283E+31   0.898494E-15   0.100000E-29   0.562643E+27
  0.148252E+00   0.409638E+29   0.923432E-15   0.100000E-29   0.615019E+27
  0.160325E+00   0.579994E+27   0.954169E-15   0.100000E-29   0.667897E+27
  0.173380E+00   0.569602E+25   0.888488E-15   0.100000E-29   0.720110E+27
  0.187499E+00   0.376622E+23   0.712220E-15   0.100000E-29   0.770239E+27
  0.202768E+00   0.162344E+21   0.579226E-15   0.100000E-29   0.816627E+27
  0.219280E+00   0.440584E+18   0.474699E-15   0.100000E-29   0.857410E+27
  0.237137E+00   0.724976E+15   0.427802E-15   0.100000E-29   0.890579E+27
  0.256448E+00   0.694423E+12   0.939408E-15   0.100000E-29   0.914073E+27
  0.277332E+00   0.370504E+09   0.106229E-14   0.100000E-29   0.925915E+27
  0.299916E+00   0.104987E+06   0.118660E-14   0.100000E-29   0.924373E+27
  0.324340E+00   0.150063E+02   0.131677E-14   0.100000E-29   0.908150E+27
  0.350752E+00   0.102330E-02   0.148589E-14   0.100000E-29   0.876582E+27
  0.379315E+00   0.313437E-07   0.168766E-14   0.100000E-29   0.829816E+27
  0.410204E+00   0.404026E-12   0.184507E-14   0.100000E-29   0.768938E+27
  0.443609E+00   0.204255E-17   0.206953E-14   0.100000E-29   0.696021E+27
  0.479733E+00   0.375262E-23   0.229353E-14   0.100000E-29   0.614058E+27
  0.518800E+00   0.230727E-29   0.294573E-15   0.100000E-29   0.526764E+27
  0.561048E+00   0.100000E-29   0.167538E-15   0.100000E-29   0.438264E+27
  0.606736E+00   0.100000E-29   0.108781E-15   0.100000E-29   0.352682E+27
  0.656145E+00   0.100000E-29   0.109995E-15   0.100000E-29   0.273712E+27
  0.709578E+00   0.100000E-29   0.825357E-16   0.100000E-29   0.204228E+27
  0.767361E+00   0.100000E-29   0.522128E-16   0.100000E-29   0.146015E+27
  0.829851E+00   0.100000E-29   0.335366E-16   0.100000E-29   0.996761E+26
  0.897429E+00   0.100000E-29   0.236100E-16   0.100000E-29   0.647186E+26
  0.970510E+00   0.100000E-29   0.182420E-16   0.100000E-29   0.398032E+26
  0.104954E+01   0.100000E-29   0.480281E-16   0.100000E-29   0.230849E+26
  0.113501E+01   0.100000E-29   0.532331E-16   0.100000E-29   0.125654E+26
  0.122744E+01   0.100000E-29   0.584296E-16   0.100000E-29   0.638572E+25
  0.132739E+01   0.100000E-29   0.574187E-16   0.100000E-29   0.301302E+25
  0.143549E+01   0.100000E-29   0.644195E-16   0.100000E-29   0.131197E+25
  0.155239E+01   0.100000E-29   0.743242E-16   0.100000E-29   0.523764E+24
  0.167880E+01   0.100000E-29   0.865774E-16   0.100000E-29   0.190356E+24
  0.181552E+01   0.100000E-29   0.994541E-16   0.100000E-29   0.625024E+23
  0.196336E+01   0.100000E-29   0.115413E-15   0.100000E-29   0.183879E+23
  0.212324E+01   0.100000E-29   0.313908E-17   0.100000E-29   0.480387E+22
  0.229615E+01   0.100000E-29   0.354615E-17   0.100000E-29   0.110375E+22
  0.248313E+01   0.100000E-29   0.391536E-17   0.100000E-29   0.220716E+21
  0.268534E+01   0.100000E-29   0.440535E-17   0.100000E-29   0.379807E+20
  0.290402E+01   0.100000E-29   0.217120E-17   0.100000E-29   0.555583E+19
  0.314051E+01   0.100000E-29   0.143974E-17   0.100000E-29   0.681784E+18
  0.339625E+01   0.100000E-29   0.958982E-18   0.100000E-29   0.691900E+17
  0.367282E+01   0.100000E-29   0.509792E-18   0.100000E-29   0.571768E+16
  0.397192E+01   0.100000E-29   0.516759E-18   0.100000E-29   0.378366E+15
  0.429536E+01   0.100000E-29   0.526984E-18   0.100000E-29   0.196908E+14
  0.464515E+01   0.100000E-29   0.364420E-18   0.100000E-29   0.790268E+12
  0.502343E+01   0.100000E-29   0.386938E-18   0.100000E-29   0.239474E+11
  0.543250E+01   0.100000E-29   0.271001E-18   0.100000E-29   0.535521E+09
  0.587489E+01   0.100000E-29   0.279003E-18   0.100000E-29   0.862151E+07
  0.635331E+01   0.100000E-29   0.270386E-18   0.100000E-29   0.972876E+05
  0.687068E+01   0.100000E-29   0.271271E-18   0.100000E-29   0.747533E+03
  0.743019E+01   0.100000E-29   0.273881E-18   0.100000E-29   0.379063E+01
  0.803526E+01   0.100000E-29   0.284385E-18   0.100000E-29   0.122631E-01
  0.868960E+01   0.100000E-29   0.147033E-18   0.100000E-29   0.244009E-04
  0.939723E+01   0.100000E-29   0.129695E-18   0.100000E-29   0.287035E-07
  0.101625E+02   0.100000E-29   0.136723E-18   0.100000E-29   0.191249E-10
  0.109901E+02   0.100000E-29   0.128419E-18   0.100000E-29   0.689120E-14
  0.118850E+02   0.100000E-29   0.131092E-18   0.100000E-29   0.127727E-17
  0.128529E+02   0.100000E-29   0.106787E-18   0.100000E-29   0.115359E-21
  0.138995E+02   0.100000E-29   0.121537E-18   0.100000E-29   0.478827E-26
  0.150314E+02   0.100000E-29   0.130052E-18   0.100000E-29   0.100000E-29
  0.162555E+02   0.100000E-29   0.142709E-18   0.100000E-29   0.100000E-29
  0.175792E+02   0.100000E-29   0.141239E-18   0.100000E-29   0.100000E-29
  0.190108E+02   0.100000E-29   0.152932E-18   0.100000E-29   0.100000E-29
  0.205589E+02   0.100000E-29   0.998909E-19   0.100000E-29   0.100000E-29
  0.222331E+02   0.100000E-29   0.116551E-18   0.100000E-29   0.100000E-29
  0.240436E+02   0.100000E-29   0.123520E-18   0.100000E-29   0.100000E-29
  0.260016E+02   0.100000E-29   0.941167E-19   0.100000E-29   0.100000E-29
  0.281190E+02   0.100000E-29   0.693124E-19   0.100000E-29   0.100000E-29
  0.304089E+02   0.100000E-29   0.770507E-19   0.100000E-29   0.100000E-29
  0.328852E+02   0.100000E-29   0.799814E-19   0.100000E-29   0.100000E-29
  0.355631E+02   0.100000E-29   0.844088E-19   0.100000E-29   0.100000E-29
  0.384592E+02   0.100000E-29   0.356331E-19   0.100000E-29   0.100000E-29
  0.415911E+02   0.100000E-29   0.365101E-19   0.100000E-29   0.100000E-29
  0.449780E+02   0.100000E-29   0.167348E-19   0.100000E-29   0.100000E-29
  0.486407E+02   0.100000E-29   0.171646E-19   0.100000E-29   0.100000E-29
  0.526017E+02   0.100000E-29   0.187279E-19   0.100000E-29   0.100000E-29
  0.568853E+02   0.100000E-29   0.208521E-19   0.100000E-29   0.100000E-29
  0.615177E+02   0.100000E-29   0.243677E-19   0.100000E-29   0.100000E-29
  0.665273E+02   0.100000E-29   0.189235E-19   0.100000E-29   0.100000E-29
  0.719449E+02   0.100000E-29   0.210326E-19   0.100000E-29   0.100000E-29
  0.778037E+02   0.100000E-29   0.227630E-19   0.100000E-29   0.100000E-29
  0.841395E+02   0.100000E-29   0.251240E-19   0.100000E-29   0.100000E-29
  0.909913E+02   0.100000E-29   0.184946E-19   0.100000E-29   0.100000E-29
  0.984011E+02   0.100000E-29   0.199088E-19   0.100000E-29   0.100000E-29
  0.106414E+03   0.100000E-29   0.212080E-19   0.100000E-29   0.100000E-29
  0.115080E+03   0.100000E-29   0.228437E-19   0.100000E-29   0.100000E-29
  0.124451E+03   0.100000E-29   0.171714E-19   0.100000E-29   0.100000E-29
  0.134586E+03   0.100000E-29   0.174714E-19   0.100000E-29   0.100000E-29
  0.145546E+03   0.100000E-29   0.180380E-19   0.100000E-29   0.100000E-29
  0.157398E+03   0.100000E-29   0.172747E-19   0.100000E-29   0.100000E-29
  0.170216E+03   0.100000E-29   0.188200E-19   0.100000E-29   0.100000E-29
  0.184077E+03   0.100000E-29   0.193330E-19   0.100000E-29   0.100000E-29
  0.199067E+03   0.100000E-29   0.187110E-19   0.100000E-29   0.100000E-29
  0.215278E+03   0.100000E-29   0.185224E-19   0.100000E-29   0.100000E-29
  0.232809E+03   0.100000E-29   0.186153E-19   0.100000E-29   0.100000E-29
  0.251768E+03   0.100000E-29   0.185140E-19   0.100000E-29   0.100000E-29
  0.272270E+03   0.100000E-29   0.183422E-19   0.100000E-29   0.100000E-29
  0.294442E+03   0.100000E-29   0.185566E-19   0.100000E-29   0.100000E-29
  0.318420E+03   0.100000E-29   0.144145E-19   0.100000E-29   0.100000E-29
  0.344350E+03   0.100000E-29   0.117294E-19   0.100000E-29   0.100000E-29
  0.372392E+03   0.100000E-29   0.102320E-19   0.100000E-29   0.100000E-29
  0.402717E+03   0.100000E-29   0.952797E-20   0.100000E-29   0.100000E-29
  0.435512E+03   0.100000E-29   0.885882E-20   0.100000E-29   0.100000E-29
  0.470977E+03   0.100000E-29   0.840530E-20   0.100000E-29   0.100000E-29
  0.509331E+03   0.100000E-29   0.783111E-20   0.100000E-29   0.100000E-29
  0.550808E+03   0.100000E-29   0.725819E-20   0.100000E-29   0.100000E-29
  0.595662E+03   0.100000E-29   0.684341E-20   0.100000E-29   0.100000E-29
  0.644169E+03   0.100000E-29   0.632513E-20   0.100000E-29   0.100000E-29
  0.696627E+03   0.100000E-29   0.585461E-20   0.100000E-29   0.100000E-29
  0.753356E+03   0.100000E-29   0.549323E-20   0.100000E-29   0.100000E-29
  0.814704E+03   0.100000E-29   0.505923E-20   0.100000E-29   0.100000E-29
  0.881049E+03   0.100000E-29   0.466066E-20   0.100000E-29   0.100000E-29
  0.952796E+03   0.100000E-29   0.436821E-20   0.100000E-29   0.100000E-29
  0.103039E+04   0.100000E-29   0.401014E-20   0.100000E-29   0.100000E-29
  0.111429E+04   0.100000E-29   0.368399E-20   0.100000E-29   0.100000E-29
  0.120504E+04   0.100000E-29   0.344785E-20   0.100000E-29   0.100000E-29
  0.130317E+04   0.100000E-29   0.316294E-20   0.100000E-29   0.100000E-29
  0.140929E+04   0.100000E-29   0.295512E-20   0.100000E-29   0.100000E-29
  0.152405E+04   0.100000E-29   0.271441E-20   0.100000E-29   0.100000E-29
  0.164816E+04   0.100000E-29   0.248733E-20   0.100000E-29   0.100000E-29
  0.178238E+04   0.100000E-29   0.232179E-20   0.100000E-29   0.100000E-29
  0.192752E+04   0.100000E-29   0.213047E-20   0.100000E-29   0.100000E-29
  0.208449E+04   0.100000E-29   0.195012E-20   0.100000E-29   0.100000E-29
  0.225424E+04   0.100000E-29   0.181715E-20   0.100000E-29   0.100000E-29
  0.243781E+04   0.100000E-29   0.166585E-20   0.100000E-29   0.100000E-29
  0.263633E+04   0.100000E-29   0.152325E-20   0.100000E-29   0.100000E-29
  0.285102E+04   0.100000E-29   0.141251E-20   0.100000E-29   0.100000E-29
  0.308319E+04   0.100000E-29   0.128394E-20   0.100000E-29   0.100000E-29
  0.333426E+04   0.100000E-29   0.115938E-20   0.100000E-29   0.100000E-29
  0.360579E+04   0.100000E-29   0.106044E-20   0.100000E-29   0.100000E-29
  0.389942E+04   0.100000E-29   0.945091E-21   0.100000E-29   0.100000E-29
  0.421697E+04   0.100000E-29   0.833288E-21   0.100000E-29   0.100000E-29
  0.456037E+04   0.100000E-29   0.740355E-21   0.100000E-29   0.100000E-29
  0.493174E+04   0.100000E-29   0.632138E-21   0.100000E-29   0.100000E-29
  0.533335E+04   0.100000E-29   0.531238E-21   0.100000E-29   0.100000E-29
  0.576766E+04   0.100000E-29   0.457140E-21   0.100000E-29   0.100000E-29
  0.623735E+04   0.100000E-29   0.384418E-21   0.100000E-29   0.100000E-29
  0.674528E+04   0.100000E-29   0.322010E-21   0.100000E-29   0.100000E-29
  0.729458E+04   0.100000E-29   0.276464E-21   0.100000E-29   0.100000E-29
  0.788860E+04   0.100000E-29   0.231909E-21   0.100000E-29   0.100000E-29
  0.853100E+04   0.100000E-29   0.193723E-21   0.100000E-29   0.100000E-29
  0.922571E+04   0.100000E-29   0.166382E-21   0.100000E-29   0.100000E-29
  0.997700E+04   0.100000E-29   0.139021E-21   0.100000E-29   0.100000E-29
  0.107895E+05   0.100000E-29   0.115764E-21   0.100000E-29   0.100000E-29
  0.116681E+05   0.100000E-29   0.988174E-22   0.100000E-29   0.100000E-29
  0.126183E+05   0.100000E-29   0.822837E-22   0.100000E-29   0.100000E-29
  0.136458E+05   0.100000E-29   0.684274E-22   0.100000E-29   0.100000E-29
  0.147571E+05   0.100000E-29   0.582117E-22   0.100000E-29   0.100000E-29
  0.159588E+05   0.100000E-29   0.482414E-22   0.100000E-29   0.100000E-29
  0.172584E+05   0.100000E-29   0.400069E-22   0.100000E-29   0.100000E-29
  0.186638E+05   0.100000E-29   0.338729E-22   0.100000E-29   0.100000E-29
  0.201837E+05   0.100000E-29   0.279622E-22   0.100000E-29   0.100000E-29
  0.218273E+05   0.100000E-29   0.231034E-22   0.100000E-29   0.100000E-29
  0.236048E+05   0.100000E-29   0.194902E-22   0.100000E-29   0.100000E-29
  0.255270E+05   0.100000E-29   0.160082E-22   0.100000E-29   0.100000E-29
  0.276058E+05   0.100000E-29   0.131699E-22   0.100000E-29   0.100000E-29
  0.298538E+05   0.100000E-29   0.110656E-22   0.100000E-29   0.100000E-29
  0.322849E+05   0.100000E-29   0.907030E-23   0.100000E-29   0.100000E-29
  0.349140E+05   0.100000E-29   0.743325E-23   0.100000E-29   0.100000E-29
  0.377572E+05   0.100000E-29   0.622881E-23   0.100000E-29   0.100000E-29
  0.408319E+05   0.100000E-29   0.508040E-23   0.100000E-29   0.100000E-29
  0.441570E+05   0.100000E-29   0.414341E-23   0.100000E-29   0.100000E-29
  0.477529E+05   0.100000E-29   0.345993E-23   0.100000E-29   0.100000E-29
  0.516416E+05   0.100000E-29   0.281220E-23   0.100000E-29   0.100000E-29
  0.558470E+05   0.100000E-29   0.228765E-23   0.100000E-29   0.100000E-29
  0.603949E+05   0.100000E-29   0.190439E-23   0.100000E-29   0.100000E-29
  0.653131E+05   0.100000E-29   0.154270E-23   0.100000E-29   0.100000E-29
  0.706318E+05   0.100000E-29   0.128034E-23   0.100000E-29   0.100000E-29
  0.763836E+05   0.100000E-29   0.103713E-23   0.100000E-29   0.100000E-29
  0.826038E+05   0.100000E-29   0.836651E-24   0.100000E-29   0.100000E-29
  0.893305E+05   0.100000E-29   0.677193E-24   0.100000E-29   0.100000E-29
  0.966051E+05   0.100000E-29   0.559293E-24   0.100000E-29   0.100000E-29
  0.104472E+06   0.100000E-29   0.451463E-24   0.100000E-29   0.100000E-29
  0.112980E+06   0.100000E-29   0.372709E-24   0.100000E-29   0.100000E-29
  0.122180E+06   0.100000E-29   0.300667E-24   0.100000E-29   0.100000E-29
  0.132130E+06   0.100000E-29   0.241288E-24   0.100000E-29   0.100000E-29
  0.142889E+06   0.100000E-29   0.198751E-24   0.100000E-29   0.100000E-29
  0.154525E+06   0.100000E-29   0.159964E-24   0.100000E-29   0.100000E-29
  0.167109E+06   0.100000E-29   0.128245E-24   0.100000E-29   0.100000E-29
  0.180717E+06   0.100000E-29   0.105424E-24   0.100000E-29   0.100000E-29
  0.195434E+06   0.100000E-29   0.845910E-25   0.100000E-29   0.100000E-29
  0.211349E+06   0.100000E-29   0.676858E-25   0.100000E-29   0.100000E-29
  0.228560E+06   0.100000E-29   0.556119E-25   0.100000E-29   0.100000E-29
  0.247172E+06   0.100000E-29   0.444918E-25   0.100000E-29   0.100000E-29
  0.267301E+06   0.100000E-29   0.355824E-25   0.100000E-29   0.100000E-29
  0.289068E+06   0.100000E-29   0.291877E-25   0.100000E-29   0.100000E-29
  0.312608E+06   0.100000E-29   0.233428E-25   0.100000E-29   0.100000E-29
  0.338065E+06   0.100000E-29   0.186204E-25   0.100000E-29   0.100000E-29
  0.365595E+06   0.100000E-29   0.152381E-25   0.100000E-29   0.100000E-29
  0.395367E+06   0.100000E-29   0.121540E-25   0.100000E-29   0.100000E-29
  0.427563E+06   0.100000E-29   0.969379E-26   0.100000E-29   0.100000E-29
  0.462381E+06   0.100000E-29   0.793130E-26   0.100000E-29   0.100000E-29
  0.500035E+06   0.100000E-29   0.631944E-26   0.100000E-29   0.100000E-29
  0.540754E+06   0.100000E-29   0.503438E-26   0.100000E-29   0.100000E-29
  0.584790E+06   0.100000E-29   0.411014E-26   0.100000E-29   0.100000E-29
  0.632412E+06   0.100000E-29   0.327213E-26   0.100000E-29   0.100000E-29
  0.683912E+06   0.100000E-29   0.260627E-26   0.100000E-29   0.100000E-29
  0.739605E+06   0.100000E-29   0.212848E-26   0.100000E-29   0.100000E-29
  0.799834E+06   0.100000E-29   0.168894E-26   0.100000E-29   0.100000E-29
  0.864968E+06   0.100000E-29   0.134242E-26   0.100000E-29   0.100000E-29
  0.935406E+06   0.100000E-29   0.109678E-26   0.100000E-29   0.100000E-29
  0.101158E+07   0.100000E-29   0.869608E-27   0.100000E-29   0.100000E-29
  0.109396E+07   0.100000E-29   0.691425E-27   0.100000E-29   0.100000E-29
  0.118304E+07   0.100000E-29   0.563144E-27   0.100000E-29   0.100000E-29
  0.127938E+07   0.100000E-29   0.447205E-27   0.100000E-29   0.100000E-29
  0.138357E+07   0.100000E-29   0.355762E-27   0.100000E-29   0.100000E-29
  0.149624E+07   0.100000E-29   0.289224E-27   0.100000E-29   0.100000E-29
  0.161808E+07   0.100000E-29   0.229524E-27   0.100000E-29   0.100000E-29
  0.174985E+07   0.100000E-29   0.182267E-27   0.100000E-29   0.100000E-29
  0.189234E+07   0.100000E-29   0.148272E-27   0.100000E-29   0.100000E-29
  0.204644E+07   0.100000E-29   0.117460E-27   0.100000E-29   0.100000E-29
  0.221309E+07   0.100000E-29   0.933326E-28   0.100000E-29   0.100000E-29
  0.239332E+07   0.100000E-29   0.758857E-28   0.100000E-29   0.100000E-29
  0.258821E+07   0.100000E-29   0.594843E-28   0.100000E-29   0.100000E-29
  0.279898E+07   0.100000E-29   0.473154E-28   0.100000E-29   0.100000E-29
  0.302691E+07   0.100000E-29   0.363080E-28   0.100000E-29   0.100000E-29
  0.327341E+07   0.100000E-29   0.273303E-28   0.100000E-29   0.100000E-29
  0.353997E+07   0.100000E-29   0.206303E-28   0.100000E-29   0.100000E-29
  0.382825E+07   0.100000E-29   0.143819E-28   0.100000E-29   0.100000E-29
  0.414000E+07   0.100000E-29   0.911821E-29   0.100000E-29   0.100000E-29
  0.447713E+07   0.100000E-29   0.486388E-29   0.100000E-29   0.100000E-29
  0.484172E+07   0.100000E-29   0.100000E-29   0.100000E-29   0.100000E-29
  0.523600E+07   0.100000E-29   0.100000E-29   0.100000E-29   0.100000E-29
  0.566239E+07   0.100000E-29   0.100000E-29   0.100000E-29   0.100000E-29
  0.612350E+07   0.100000E-29   0.100000E-29   0.100000E-29   0.100000E-29
  0.662217E+07   0.100000E-29   0.100000E-29   0.100000E-29   0.100000E-29
  0.716143E+07   0.100000E-29   0.100000E-29   0.100000E-29   0.100000E-29
  0.774462E+07   0.100000E-29   0.100000E-29   0.100000E-29   0.100000E-29
  0.837529E+07   0.100000E-29   0.100000E-29   0.100000E-29   0.100000E-29
  0.905733E+07   0.100000E-29   0.100000E-29   0.100000E-29   0.100000E-29
  0.979490E+07   0.100000E-29   0.100000E-29   0.100000E-29   0.100000E-29
  0.105925E+08   0.100000E-29   0.100000E-29   0.100000E-29   0.100000E-29
  0.114551E+08   0.100000E-29   0.100000E-29   0.100000E-29   0.100000E-29
  0.123880E+08   0.100000E-29   0.100000E-29   0.100000E-29   0.100000E-29
  0.133968E+08   0.100000E-29   0.100000E-29   0.100000E-29   0.100000E-29
  0.144877E+08   0.100000E-29   0.100000E-29   0.100000E-29   0.100000E-29
  0.156675E+08   0.100000E-29   0.100000E-29   0.100000E-29   0.100000E-29
  0.169434E+08   0.100000E-29   0.100000E-29   0.100000E-29   0.100000E-29
  0.183231E+08   0.100000E-29   0.100000E-29   0.100000E-29   0.100000E-29
  0.198153E+08   0.100000E-29   0.100000E-29   0.100000E-29   0.100000E-29
  0.214289E+08   0.100000E-29   0.100000E-29   0.100000E-29   0.100000E-29
  0.231739E+08   0.100000E-29   0.100000E-29   0.100000E-29   0.100000E-29
  0.250611E+08   0.100000E-29   0.100000E-29   0.100000E-29   0.100000E-29
  0.271019E+08   0.100000E-29   0.100000E-29   0.100000E-29   0.100000E-29
  0.293089E+08   0.100000E-29   0.100000E-29   0.100000E-29   0.100000E-29
  0.316957E+08   0.100000E-29   0.100000E-29   0.100000E-29   0.100000E-29
  0.342768E+08   0.100000E-29   0.100000E-29   0.100000E-29   0.100000E-29
  0.370681E+08   0.100000E-29   0.100000E-29   0.100000E-29   0.100000E-29
  0.400867E+08   0.100000E-29   0.100000E-29   0.100000E-29   0.100000E-29
  0.433511E+08   0.100000E-29   0.100000E-29   0.100000E-29   0.100000E-29
  0.468813E+08   0.100000E-29   0.100000E-29   0.100000E-29   0.100000E-29
  0.506991E+08   0.100000E-29   0.100000E-29   0.100000E-29   0.100000E-29
  0.548277E+08   0.100000E-29   0.100000E-29   0.100000E-29   0.100000E-29
  0.592925E+08   0.100000E-29   0.100000E-29   0.100000E-29   0.100000E-29
  0.641210E+08   0.100000E-29   0.100000E-29   0.100000E-29   0.100000E-29
  0.693426E+08   0.100000E-29   0.100000E-29   0.100000E-29   0.100000E-29
  0.749894E+08   0.100000E-29   0.100000E-29   0.100000E-29   0.100000E-29
  0.810961E+08   0.100000E-29   0.100000E-29   0.100000E-29   0.100000E-29
  0.877001E+08   0.100000E-29   0.100000E-29   0.100000E-29   0.100000E-29
  0.948418E+08   0.100000E-29   0.100000E-29   0.100000E-29   0.100000E-29
  0.102565E+09   0.100000E-29   0.100000E-29   0.100000E-29   0.100000E-29
  0.110917E+09   0.100000E-29   0.100000E-29   0.100000E-29   0.100000E-29
  0.119950E+09   0.100000E-29   0.100000E-29   0.100000E-29   0.100000E-29
  0.129718E+09   0.100000E-29   0.100000E-29   0.100000E-29   0.100000E-29
  0.140281E+09   0.100000E-29   0.100000E-29   0.100000E-29   0.100000E-29
  0.151705E+09   0.100000E-29   0.100000E-29   0.100000E-29   0.100000E-29
  0.164059E+09   0.100000E-29   0.100000E-29   0.100000E-29   0.100000E-29
  0.177419E+09   0.100000E-29   0.100000E-29   0.100000E-29   0.100000E-29
  0.191867E+09   0.100000E-29   0.100000E-29   0.100000E-29   0.100000E-29
  0.207491E+09   0.100000E-29   0.100000E-29   0.100000E-29   0.100000E-29
  0.224388E+09   0.100000E-29   0.100000E-29   0.100000E-29   0.100000E-29
  0.242661E+09   0.100000E-29   0.100000E-29   0.100000E-29   0.100000E-29
  0.262422E+09   0.100000E-29   0.100000E-29   0.100000E-29   0.100000E-29
  0.283792E+09   0.100000E-29   0.100000E-29   0.100000E-29   0.100000E-29
  0.306902E+09   0.100000E-29   0.100000E-29   0.100000E-29   0.100000E-29
  0.331894E+09   0.100000E-29   0.100000E-29   0.100000E-29   0.100000E-29
  0.358922E+09   0.100000E-29   0.100000E-29   0.100000E-29   0.100000E-29
  0.388150E+09   0.100000E-29   0.100000E-29   0.100000E-29   0.100000E-29
  0.419759E+09   0.100000E-29   0.100000E-29   0.100000E-29   0.100000E-29
  0.453942E+09   0.100000E-29   0.100000E-29   0.100000E-29   0.100000E-29
  0.490908E+09   0.100000E-29   0.100000E-29   0.100000E-29   0.100000E-29
  0.530884E+09   0.100000E-29   0.100000E-29   0.100000E-29   0.100000E-29
  0.574116E+09   0.100000E-29   0.100000E-29   0.100000E-29   0.100000E-29
  0.620869E+09   0.100000E-29   0.100000E-29   0.100000E-29   0.100000E-29
  0.671429E+09   0.100000E-29   0.100000E-29   0.100000E-29   0.100000E-29
  0.726106E+09   0.100000E-29   0.100000E-29   0.100000E-29   0.100000E-29
  0.785236E+09   0.100000E-29   0.100000E-29   0.100000E-29   0.100000E-29
  0.849180E+09   0.100000E-29   0.100000E-29   0.100000E-29   0.100000E-29
  0.918333E+09   0.100000E-29   0.100000E-29   0.100000E-29   0.100000E-29
  0.993116E+09   0.100000E-29   0.100000E-29   0.100000E-29   0.100000E-29
  0.107399E+10   0.100000E-29   0.100000E-29   0.100000E-29   0.100000E-29
  0.116145E+10   0.100000E-29   0.100000E-29   0.100000E-29   0.100000E-29
  0.125603E+10   0.100000E-29   0.100000E-29   0.100000E-29   0.100000E-29
  0.135831E+10   0.100000E-29   0.100000E-29   0.100000E-29   0.100000E-29
  0.146893E+10   0.100000E-29   0.100000E-29   0.100000E-29   0.100000E-29
  0.158855E+10   0.100000E-29   0.100000E-29   0.100000E-29   0.100000E-29
  0.171791E+10   0.100000E-29   0.100000E-29   0.100000E-29   0.100000E-29
  0.185780E+10   0.100000E-29   0.100000E-29   0.100000E-29   0.100000E-29
  0.200909E+10   0.100000E-29   0.100000E-29   0.100000E-29   0.100000E-29
  0.217270E+10   0.100000E-29   0.100000E-29   0.100000E-29   0.100000E-29
  0.234963E+10   0.100000E-29   0.100000E-29   0.100000E-29   0.100000E-29
  0.254097E+10   0.100000E-29   0.100000E-29   0.100000E-29   0.100000E-29
  0.274789E+10   0.100000E-29   0.100000E-29   0.100000E-29   0.100000E-29
  0.297167E+10   0.100000E-29   0.100000E-29   0.100000E-29   0.100000E-29
  0.321366E+10   0.100000E-29   0.100000E-29   0.100000E-29   0.100000E-29
  0.347536E+10   0.100000E-29   0.100000E-29   0.100000E-29   0.100000E-29
  0.375837E+10   0.100000E-29   0.100000E-29   0.100000E-29   0.100000E-29
  0.406443E+10   0.100000E-29   0.100000E-29   0.100000E-29   0.100000E-29
  0.439542E+10   0.100000E-29   0.100000E-29   0.100000E-29   0.100000E-29
  0.475335E+10   0.100000E-29   0.100000E-29   0.100000E-29   0.100000E-29
  0.514044E+10   0.100000E-29   0.100000E-29   0.100000E-29   0.100000E-29
  0.555904E+10   0.100000E-29   0.100000E-29   0.100000E-29   0.100000E-29
  0.601174E+10   0.100000E-29   0.100000E-29   0.100000E-29   0.100000E-29
  0.650130E+10   0.100000E-29   0.100000E-29   0.100000E-29   0.100000E-29
  0.703072E+10   0.100000E-29   0.100000E-29   0.100000E-29   0.100000E-29
  0.760326E+10   0.100000E-29   0.100000E-29   0.100000E-29   0.100000E-29
  0.822243E+10   0.100000E-29   0.100000E-29   0.100000E-29   0.100000E-29
  0.889201E+10   0.100000E-29   0.100000E-29   0.100000E-29   0.100000E-29
  0.961612E+10   0.100000E-29   0.100000E-29   0.100000E-29   0.100000E-29
