  0.103992E-06   0.331516E+39   0.100000E-29   0.200825E+26   0.107191E+20
  0.112460E-06   0.387707E+39   0.100000E-29   0.234835E+26   0.125360E+20
  0.121619E-06   0.453422E+39   0.100000E-29   0.274601E+26   0.146608E+20
  0.131522E-06   0.530276E+39   0.100000E-29   0.321097E+26   0.171458E+20
  0.142233E-06   0.620156E+39   0.676377E-20   0.375462E+26   0.200520E+20
  0.153815E-06   0.725271E+39   0.100000E-29   0.439025E+26   0.234507E+20
  0.166341E-06   0.848202E+39   0.100000E-29   0.513342E+26   0.274256E+20
  0.179887E-06   0.991969E+39   0.100000E-29   0.600229E+26   0.320741E+20
  0.194536E-06   0.116010E+40   0.100000E-29   0.701811E+26   0.375106E+20
  0.210378E-06   0.135674E+40   0.147547E-19   0.820570E+26   0.438685E+20
  0.227510E-06   0.158670E+40   0.100000E-29   0.959405E+26   0.513041E+20
  0.246037E-06   0.185564E+40   0.100000E-29   0.112171E+27   0.600000E+20
  0.266073E-06   0.217016E+40   0.100000E-29   0.131144E+27   0.701698E+20
  0.287740E-06   0.253799E+40   0.422487E-20   0.153322E+27   0.820633E+20
  0.311172E-06   0.296816E+40   0.306892E-20   0.179246E+27   0.959727E+20
  0.336512E-06   0.347125E+40   0.550998E-20   0.209547E+27   0.112240E+21
  0.363915E-06   0.405960E+40   0.643387E-20   0.244963E+27   0.131264E+21
  0.393550E-06   0.474767E+40   0.500400E-20   0.286354E+27   0.153512E+21
  0.425598E-06   0.555237E+40   0.879234E-20   0.334728E+27   0.179532E+21
  0.460257E-06   0.649345E+40   0.105896E-19   0.391257E+27   0.209962E+21
  0.497737E-06   0.759403E+40   0.122609E-19   0.457314E+27   0.245549E+21
  0.538270E-06   0.888115E+40   0.144106E-19   0.534498E+27   0.287168E+21
  0.582103E-06   0.103864E+41   0.167920E-19   0.624677E+27   0.335841E+21
  0.629506E-06   0.121468E+41   0.134655E-19   0.730031E+27   0.392763E+21
  0.680769E-06   0.142055E+41   0.230223E-19   0.853104E+27   0.459333E+21
  0.736207E-06   0.166132E+41   0.269005E-19   0.996860E+27   0.537186E+21
  0.796159E-06   0.194289E+41   0.318787E-19   0.116476E+28   0.628234E+21
  0.860994E-06   0.227218E+41   0.376236E-19   0.136084E+28   0.734714E+21
  0.931108E-06   0.265728E+41   0.434301E-19   0.158980E+28   0.859240E+21
  0.100693E-05   0.310764E+41   0.508658E-19   0.185711E+28   0.100487E+22
  0.108893E-05   0.363433E+41   0.600024E-19   0.216917E+28   0.117518E+22
  0.117761E-05   0.425028E+41   0.700092E-19   0.253341E+28   0.137436E+22
  0.127350E-05   0.497061E+41   0.810840E-19   0.295847E+28   0.160730E+22
  0.137721E-05   0.581302E+41   0.942199E-19   0.345444E+28   0.187971E+22
  0.148936E-05   0.679818E+41   0.109533E-18   0.403304E+28   0.219829E+22
  0.161065E-05   0.795028E+41   0.125411E-18   0.470787E+28   0.257086E+22
  0.174181E-05   0.929762E+41   0.150620E-18   0.549479E+28   0.300657E+22
  0.188365E-05   0.108733E+42   0.183787E-18   0.641218E+28   0.351612E+22
  0.203704E-05   0.127159E+42   0.213459E-18   0.748140E+28   0.411202E+22
  0.220293E-05   0.148708E+42   0.253536E-18   0.872721E+28   0.480891E+22
  0.238232E-05   0.173908E+42   0.291636E-18   0.101783E+29   0.562389E+22
  0.257632E-05   0.203378E+42   0.334137E-18   0.118681E+29   0.657698E+22
  0.278612E-05   0.237841E+42   0.398100E-18   0.138349E+29   0.769157E+22
  0.301301E-05   0.278144E+42   0.482451E-18   0.161233E+29   0.899504E+22
  0.325837E-05   0.325274E+42   0.549679E-18   0.187849E+29   0.105194E+23
  0.352371E-05   0.380389E+42   0.652757E-18   0.218789E+29   0.123020E+23
  0.381066E-05   0.444841E+42   0.772155E-18   0.254739E+29   0.143867E+23
  0.412098E-05   0.520211E+42   0.902080E-18   0.296487E+29   0.168246E+23
  0.445656E-05   0.608349E+42   0.106483E-17   0.344938E+29   0.196755E+23
  0.481948E-05   0.711415E+42   0.857476E-18   0.401132E+29   0.230094E+23
  0.521195E-05   0.831939E+42   0.144430E-17   0.466262E+29   0.269082E+23
  0.563638E-05   0.972875E+42   0.169964E-17   0.541688E+29   0.314675E+23
  0.609537E-05   0.113768E+43   0.129252E-17   0.628967E+29   0.367992E+23
  0.659174E-05   0.133039E+43   0.227300E-17   0.729868E+29   0.430340E+23
  0.712853E-05   0.155574E+43   0.263838E-17   0.846401E+29   0.503249E+23
  0.770903E-05   0.181924E+43   0.210558E-17   0.980840E+29   0.588507E+23
  0.833681E-05   0.212735E+43   0.362275E-17   0.113575E+30   0.688205E+23
  0.901571E-05   0.248762E+43   0.434336E-17   0.131402E+30   0.804788E+23
  0.974990E-05   0.290887E+43   0.335196E-17   0.151888E+30   0.941114E+23
  0.105439E-04   0.340142E+43   0.600254E-17   0.175393E+30   0.110052E+24
  0.114025E-04   0.397733E+43   0.698281E-17   0.202314E+30   0.128693E+24
  0.123310E-04   0.465068E+43   0.558756E-17   0.233091E+30   0.150489E+24
  0.133352E-04   0.543795E+43   0.100116E-16   0.268203E+30   0.175975E+24
  0.144212E-04   0.635839E+43   0.121136E-16   0.308168E+30   0.205775E+24
  0.155955E-04   0.743450E+43   0.922965E-17   0.353545E+30   0.240618E+24
  0.168655E-04   0.869259E+43   0.149862E-16   0.404920E+30   0.281359E+24
  0.182390E-04   0.101634E+44   0.154204E-16   0.462909E+30   0.328994E+24
  0.197242E-04   0.118828E+44   0.116327E-16   0.528138E+30   0.384687E+24
  0.213304E-04   0.138927E+44   0.181490E-16   0.601233E+30   0.449802E+24
  0.230675E-04   0.162423E+44   0.185958E-16   0.682794E+30   0.525931E+24
  0.249459E-04   0.189887E+44   0.131944E-16   0.773370E+30   0.614933E+24
  0.269774E-04   0.221989E+44   0.209984E-16   0.873421E+30   0.718984E+24
  0.291743E-04   0.259510E+44   0.223642E-16   0.983274E+30   0.840623E+24
  0.315500E-04   0.303362E+44   0.160539E-16   0.110307E+31   0.982820E+24
  0.341193E-04   0.354612E+44   0.240318E-16   0.123270E+31   0.114904E+25
  0.368978E-04   0.414503E+44   0.256159E-16   0.137172E+31   0.134334E+25
  0.399025E-04   0.484490E+44   0.174749E-16   0.151930E+31   0.157046E+25
  0.431519E-04   0.566267E+44   0.282132E-16   0.167411E+31   0.183591E+25
  0.466659E-04   0.661815E+44   0.307001E-16   0.183421E+31   0.214617E+25
  0.504661E-04   0.773444E+44   0.316983E-16   0.199704E+31   0.250876E+25
  0.545758E-04   0.903848E+44   0.339792E-16   0.215929E+31   0.293251E+25
  0.590201E-04   0.105617E+45   0.364043E-16   0.231687E+31   0.342768E+25
  0.638263E-04   0.123409E+45   0.380936E-16   0.246495E+31   0.400629E+25
  0.690240E-04   0.144186E+45   0.402221E-16   0.259801E+31   0.468234E+25
  0.746449E-04   0.168449E+45   0.420784E-16   0.270999E+31   0.547219E+25
  0.807235E-04   0.196777E+45   0.443684E-16   0.279457E+31   0.639492E+25
  0.872971E-04   0.229848E+45   0.463152E-16   0.284549E+31   0.747277E+25
  0.944061E-04   0.268449E+45   0.474207E-16   0.285706E+31   0.873172E+25
  0.102094E-03   0.313500E+45   0.501767E-16   0.282470E+31   0.102020E+26
  0.110408E-03   0.366067E+45   0.524070E-16   0.274553E+31   0.119190E+26
  0.119399E-03   0.427395E+45   0.531724E-16   0.261901E+31   0.139237E+26
  0.129122E-03   0.498928E+45   0.547186E-16   0.244734E+31   0.162642E+26
  0.139637E-03   0.582346E+45   0.543462E-16   0.223576E+31   0.189962E+26
  0.151008E-03   0.679601E+45   0.576588E-16   0.199245E+31   0.221847E+26
  0.163305E-03   0.792959E+45   0.577580E-16   0.172812E+31   0.259054E+26
  0.176604E-03   0.925049E+45   0.576732E-16   0.145515E+31   0.302464E+26
  0.190985E-03   0.107892E+46   0.577914E-16   0.118639E+31   0.353100E+26
  0.206538E-03   0.125811E+46   0.600592E-16   0.933911E+30   0.412153E+26
  0.223357E-03   0.146670E+46   0.606927E-16   0.707653E+30   0.481005E+26
  0.241546E-03   0.170942E+46   0.404642E-16   0.514474E+30   0.561263E+26
  0.261216E-03   0.199175E+46   0.591508E-16   0.357621E+30   0.654791E+26
  0.282488E-03   0.232000E+46   0.597758E-16   0.236797E+30   0.763749E+26
  0.305492E-03   0.270144E+46   0.413007E-16   0.148759E+30   0.890644E+26
  0.330370E-03   0.314445E+46   0.575863E-16   0.882804E+29   0.103838E+27
  0.357273E-03   0.365868E+46   0.558302E-16   0.492604E+29   0.121030E+27
  0.386367E-03   0.425520E+46   0.391288E-16   0.257157E+29   0.141030E+27
  0.417830E-03   0.494669E+46   0.565100E-16   0.124913E+29   0.164286E+27
  0.451856E-03   0.574766E+46   0.550432E-16   0.561275E+28   0.191313E+27
  0.488652E-03   0.667469E+46   0.361929E-16   0.231817E+28   0.222709E+27
  0.528445E-03   0.774666E+46   0.509652E-16   0.874046E+27   0.259156E+27
  0.571479E-03   0.898501E+46   0.542454E-16   0.298622E+27   0.301443E+27
  0.618016E-03   0.104141E+47   0.349848E-16   0.917108E+26   0.350472E+27
  0.668344E-03   0.120612E+47   0.502881E-16   0.250993E+26   0.407274E+27
  0.722770E-03   0.139574E+47   0.477099E-16   0.606415E+25   0.473031E+27
  0.781628E-03   0.161372E+47   0.301737E-16   0.128037E+25   0.549086E+27
  0.845279E-03   0.186391E+47   0.464646E-16   0.233664E+24   0.636969E+27
  0.914113E-03   0.215060E+47   0.478083E-16   0.364236E+23   0.738414E+27
  0.988553E-03   0.247851E+47   0.309046E-16   0.478777E+22   0.855378E+27
  0.106905E-02   0.285281E+47   0.429052E-16   0.523376E+21   0.990069E+27
  0.115611E-02   0.327910E+47   0.400976E-16   0.468710E+20   0.114496E+28
  0.125026E-02   0.376341E+47   0.249961E-16   0.338339E+19   0.132282E+28
  0.135207E-02   0.431214E+47   0.366332E-16   0.193434E+18   0.152672E+28
  0.146218E-02   0.493201E+47   0.329390E-16   0.859412E+16   0.176004E+28
  0.158125E-02   0.562989E+47   0.313143E-16   0.290694E+15   0.202651E+28
  0.171002E-02   0.641269E+47   0.418213E-16   0.732142E+13   0.233018E+28
  0.184927E-02   0.728711E+47   0.366534E-16   0.134044E+12   0.267541E+28
  0.199986E-02   0.825937E+47   0.208765E-16   0.173826E+10   0.306684E+28
  0.216272E-02   0.933483E+47   0.298633E-16   0.155239E+08   0.350937E+28
  0.233884E-02   0.105175E+48   0.251564E-16   0.926212E+05   0.400803E+28
  0.252930E-02   0.118095E+48   0.161867E-16   0.357258E+03   0.456792E+28
  0.273527E-02   0.132103E+48   0.207713E-16   0.859781E+00   0.519404E+28
  0.295801E-02   0.147162E+48   0.185637E-16   0.124235E-02   0.589107E+28
  0.319890E-02   0.163191E+48   0.116637E-16   0.103398E-05   0.666316E+28
  0.345939E-02   0.180057E+48   0.525683E-16   0.473890E-09   0.751354E+28
  0.374111E-02   0.197565E+48   0.417621E-16   0.113931E-12   0.844418E+28
  0.404576E-02   0.215451E+48   0.328134E-16   0.136329E-16   0.945528E+28
  0.437522E-02   0.233370E+48   0.250006E-16   0.767080E-21   0.105447E+29
  0.473151E-02   0.250895E+48   0.186494E-16   0.190859E-25   0.117074E+29
  0.511682E-02   0.267513E+48   0.145184E-16   0.100000E-29   0.129346E+29
  0.553350E-02   0.282634E+48   0.115208E-16   0.100000E-29   0.142133E+29
  0.598412E-02   0.295603E+48   0.922577E-17   0.100000E-29   0.155253E+29
  0.647143E-02   0.305728E+48   0.119971E-16   0.100000E-29   0.168468E+29
  0.699842E-02   0.312314E+48   0.695109E-17   0.100000E-29   0.181479E+29
  0.756833E-02   0.314712E+48   0.882843E-17   0.100000E-29   0.193925E+29
  0.818465E-02   0.312383E+48   0.703445E-17   0.100000E-29   0.205385E+29
  0.885116E-02   0.304958E+48   0.233392E-16   0.100000E-29   0.215388E+29
  0.957194E-02   0.292307E+48   0.261069E-16   0.100000E-29   0.223428E+29
  0.103514E-01   0.274593E+48   0.738441E-16   0.100000E-29   0.228991E+29
  0.111944E-01   0.252311E+48   0.907069E-17   0.100000E-29   0.231588E+29
  0.121060E-01   0.226284E+48   0.303686E-16   0.100000E-29   0.230796E+29
  0.130918E-01   0.197630E+48   0.231791E-17   0.100000E-29   0.226306E+29
  0.141579E-01   0.167675E+48   0.718712E-17   0.100000E-29   0.217974E+29
  0.153109E-01   0.137838E+48   0.304841E-17   0.100000E-29   0.205861E+29
  0.165577E-01   0.109480E+48   0.283227E-17   0.100000E-29   0.190267E+29
  0.179061E-01   0.837678E+47   0.169984E-17   0.100000E-29   0.171738E+29
  0.193642E-01   0.615464E+47   0.924258E-18   0.100000E-29   0.151047E+29
  0.209411E-01   0.432742E+47   0.566216E-18   0.100000E-29   0.129138E+29
  0.226464E-01   0.290109E+47   0.330553E-18   0.100000E-29   0.107047E+29
  0.244906E-01   0.184710E+47   0.873986E-18   0.100000E-29   0.857997E+28
  0.264850E-01   0.111217E+47   0.839647E-18   0.100000E-29   0.662992E+28
  0.286418E-01   0.630404E+46   0.333288E-18   0.100000E-29   0.492357E+28
  0.309742E-01   0.334727E+46   0.988534E-19   0.100000E-29   0.350220E+28
  0.334965E-01   0.165604E+46   0.554054E-19   0.100000E-29   0.237754E+28
  0.362243E-01   0.759031E+45   0.446389E-18   0.100000E-29   0.153448E+28
  0.391742E-01   0.320296E+45   0.475123E-19   0.100000E-29   0.937629E+27
  0.423643E-01   0.123602E+45   0.414784E-19   0.100000E-29   0.539996E+27
  0.458142E-01   0.433027E+44   0.198938E-19   0.100000E-29   0.291701E+27
  0.495450E-01   0.136649E+44   0.549965E-19   0.100000E-29   0.147030E+27
  0.535797E-01   0.385122E+43   0.669332E-19   0.100000E-29   0.687602E+26
  0.579429E-01   0.960498E+42   0.220702E-18   0.100000E-29   0.296542E+26
  0.626614E-01   0.209882E+42   0.381690E-19   0.100000E-29   0.117161E+26
  0.677642E-01   0.397520E+41   0.136982E-19   0.100000E-29   0.421052E+25
  0.732825E-01   0.645046E+40   0.145894E-18   0.100000E-29   0.136580E+25
  0.792501E-01   0.885528E+39   0.256802E-20   0.100000E-29   0.396565E+24
  0.857038E-01   0.101457E+39   0.272447E-19   0.100000E-29   0.102141E+24
  0.926830E-01   0.955935E+37   0.128650E-18   0.100000E-29   0.231103E+23
  0.100231E+00   0.729006E+36   0.364512E-20   0.100000E-29   0.454514E+22
  0.108393E+00   0.442292E+35   0.205643E-20   0.100000E-29   0.768191E+21
  0.117220E+00   0.209544E+34   0.269780E-20   0.100000E-29   0.110208E+21
  0.126765E+00   0.759765E+32   0.596089E-20   0.100000E-29   0.132428E+20
  0.137088E+00   0.206283E+31   0.858829E-20   0.100000E-29   0.131371E+19
  0.148252E+00   0.409638E+29   0.242203E-20   0.100000E-29   0.105925E+18
  0.160325E+00   0.579994E+27   0.351992E-20   0.100000E-29   0.682565E+16
  0.173380E+00   0.569602E+25   0.756736E-20   0.100000E-29   0.345149E+15
  0.187499E+00   0.376622E+23   0.189376E-19   0.100000E-29   0.134280E+14
  0.202768E+00   0.162344E+21   0.193166E-20   0.100000E-29   0.393451E+12
  0.219280E+00   0.440584E+18   0.271874E-20   0.100000E-29   0.848428E+10
  0.237137E+00   0.724976E+15   0.239612E-20   0.100000E-29   0.131323E+09
  0.256448E+00   0.694423E+12   0.185488E-20   0.100000E-29   0.142018E+07
  0.277332E+00   0.370504E+09   0.175108E-20   0.100000E-29   0.104218E+05
  0.299916E+00   0.104987E+06   0.200342E-20   0.100000E-29   0.502828E+02
  0.324340E+00   0.150063E+02   0.134961E-20   0.100000E-29   0.154152E+00
  0.350752E+00   0.102330E-02   0.138661E-19   0.100000E-29   0.289393E-03
  0.379315E+00   0.313437E-07   0.927308E-21   0.100000E-29   0.319665E-06
  0.410204E+00   0.404026E-12   0.914595E-21   0.100000E-29   0.198982E-09
  0.443609E+00   0.204255E-17   0.752073E-21   0.100000E-29   0.666128E-13
  0.479733E+00   0.375262E-23   0.352664E-20   0.100000E-29   0.114023E-16
  0.518800E+00   0.230727E-29   0.604693E-21   0.100000E-29   0.944916E-21
  0.561048E+00   0.100000E-29   0.210752E-20   0.100000E-29   0.357361E-25
  0.606736E+00   0.100000E-29   0.388936E-21   0.100000E-29   0.100000E-29
  0.656145E+00   0.100000E-29   0.460007E-20   0.100000E-29   0.100000E-29
  0.709578E+00   0.100000E-29   0.448461E-21   0.100000E-29   0.100000E-29
  0.767361E+00   0.100000E-29   0.347245E-20   0.100000E-29   0.100000E-29
  0.829851E+00   0.100000E-29   0.276733E-21   0.100000E-29   0.100000E-29
  0.897429E+00   0.100000E-29   0.444515E-21   0.100000E-29   0.100000E-29
  0.970510E+00   0.100000E-29   0.291074E-21   0.100000E-29   0.100000E-29
  0.104954E+01   0.100000E-29   0.319027E-21   0.100000E-29   0.100000E-29
  0.113501E+01   0.100000E-29   0.212272E-21   0.100000E-29   0.100000E-29
  0.122744E+01   0.100000E-29   0.223653E-21   0.100000E-29   0.100000E-29
  0.132739E+01   0.100000E-29   0.251859E-21   0.100000E-29   0.100000E-29
  0.143549E+01   0.100000E-29   0.267589E-21   0.100000E-29   0.100000E-29
  0.155239E+01   0.100000E-29   0.258594E-21   0.100000E-29   0.100000E-29
  0.167880E+01   0.100000E-29   0.320285E-21   0.100000E-29   0.100000E-29
  0.181552E+01   0.100000E-29   0.127029E-20   0.100000E-29   0.100000E-29
  0.196336E+01   0.100000E-29   0.357554E-21   0.100000E-29   0.100000E-29
  0.212324E+01   0.100000E-29   0.363761E-21   0.100000E-29   0.100000E-29
  0.229615E+01   0.100000E-29   0.409331E-21   0.100000E-29   0.100000E-29
  0.248313E+01   0.100000E-29   0.564529E-21   0.100000E-29   0.100000E-29
  0.268534E+01   0.100000E-29   0.442717E-21   0.100000E-29   0.100000E-29
  0.290402E+01   0.100000E-29   0.461371E-21   0.100000E-29   0.100000E-29
  0.314051E+01   0.100000E-29   0.309195E-21   0.100000E-29   0.100000E-29
  0.339625E+01   0.100000E-29   0.480239E-21   0.100000E-29   0.100000E-29
  0.367282E+01   0.100000E-29   0.478146E-21   0.100000E-29   0.100000E-29
  0.397192E+01   0.100000E-29   0.324206E-21   0.100000E-29   0.100000E-29
  0.429536E+01   0.100000E-29   0.485268E-21   0.100000E-29   0.100000E-29
  0.464515E+01   0.100000E-29   0.471746E-21   0.100000E-29   0.100000E-29
  0.502343E+01   0.100000E-29   0.310923E-21   0.100000E-29   0.100000E-29
  0.543250E+01   0.100000E-29   0.531029E-21   0.100000E-29   0.100000E-29
  0.587489E+01   0.100000E-29   0.471574E-21   0.100000E-29   0.100000E-29
  0.635331E+01   0.100000E-29   0.283312E-21   0.100000E-29   0.100000E-29
  0.687068E+01   0.100000E-29   0.399162E-21   0.100000E-29   0.100000E-29
  0.743019E+01   0.100000E-29   0.527176E-21   0.100000E-29   0.100000E-29
  0.803526E+01   0.100000E-29   0.220410E-21   0.100000E-29   0.100000E-29
  0.868960E+01   0.100000E-29   0.317764E-21   0.100000E-29   0.100000E-29
  0.939723E+01   0.100000E-29   0.295774E-21   0.100000E-29   0.100000E-29
  0.101625E+02   0.100000E-29   0.184992E-21   0.100000E-29   0.100000E-29
  0.109901E+02   0.100000E-29   0.263706E-21   0.100000E-29   0.100000E-29
  0.118850E+02   0.100000E-29   0.246037E-21   0.100000E-29   0.100000E-29
  0.128529E+02   0.100000E-29   0.156200E-21   0.100000E-29   0.100000E-29
  0.138995E+02   0.100000E-29   0.209148E-21   0.100000E-29   0.100000E-29
  0.150314E+02   0.100000E-29   0.206514E-21   0.100000E-29   0.100000E-29
  0.162555E+02   0.100000E-29   0.123510E-21   0.100000E-29   0.100000E-29
  0.175792E+02   0.100000E-29   0.171182E-21   0.100000E-29   0.100000E-29
  0.190108E+02   0.100000E-29   0.160508E-21   0.100000E-29   0.100000E-29
  0.205589E+02   0.100000E-29   0.145559E-21   0.100000E-29   0.100000E-29
  0.222331E+02   0.100000E-29   0.136275E-21   0.100000E-29   0.100000E-29
  0.240436E+02   0.100000E-29   0.129403E-21   0.100000E-29   0.100000E-29
  0.260016E+02   0.100000E-29   0.120947E-21   0.100000E-29   0.100000E-29
  0.281190E+02   0.100000E-29   0.109472E-21   0.100000E-29   0.100000E-29
  0.304089E+02   0.100000E-29   0.100655E-21   0.100000E-29   0.100000E-29
  0.328852E+02   0.100000E-29   0.968745E-22   0.100000E-29   0.100000E-29
  0.355631E+02   0.100000E-29   0.862580E-22   0.100000E-29   0.100000E-29
  0.384592E+02   0.100000E-29   0.805043E-22   0.100000E-29   0.100000E-29
  0.415911E+02   0.100000E-29   0.738250E-22   0.100000E-29   0.100000E-29
  0.449780E+02   0.100000E-29   0.687987E-22   0.100000E-29   0.100000E-29
  0.486407E+02   0.100000E-29   0.631267E-22   0.100000E-29   0.100000E-29
  0.526017E+02   0.100000E-29   0.579029E-22   0.100000E-29   0.100000E-29
  0.568853E+02   0.100000E-29   0.530596E-22   0.100000E-29   0.100000E-29
  0.615177E+02   0.100000E-29   0.486367E-22   0.100000E-29   0.100000E-29
  0.665273E+02   0.100000E-29   0.445467E-22   0.100000E-29   0.100000E-29
  0.719449E+02   0.100000E-29   0.414354E-22   0.100000E-29   0.100000E-29
  0.778037E+02   0.100000E-29   0.258782E-22   0.100000E-29   0.100000E-29
  0.841395E+02   0.100000E-29   0.352423E-22   0.100000E-29   0.100000E-29
  0.909913E+02   0.100000E-29   0.317286E-22   0.100000E-29   0.100000E-29
  0.984011E+02   0.100000E-29   0.201071E-22   0.100000E-29   0.100000E-29
  0.106414E+03   0.100000E-29   0.261101E-22   0.100000E-29   0.100000E-29
  0.115080E+03   0.100000E-29   0.216649E-22   0.100000E-29   0.100000E-29
  0.124451E+03   0.100000E-29   0.124852E-22   0.100000E-29   0.100000E-29
  0.134586E+03   0.100000E-29   0.156865E-22   0.100000E-29   0.100000E-29
  0.145546E+03   0.100000E-29   0.131886E-22   0.100000E-29   0.100000E-29
  0.157398E+03   0.100000E-29   0.706396E-23   0.100000E-29   0.100000E-29
  0.170216E+03   0.100000E-29   0.966523E-23   0.100000E-29   0.100000E-29
  0.184077E+03   0.100000E-29   0.786804E-23   0.100000E-29   0.100000E-29
  0.199067E+03   0.100000E-29   0.457935E-23   0.100000E-29   0.100000E-29
  0.215278E+03   0.100000E-29   0.572178E-23   0.100000E-29   0.100000E-29
  0.232809E+03   0.100000E-29   0.478944E-23   0.100000E-29   0.100000E-29
  0.251768E+03   0.100000E-29   0.279954E-23   0.100000E-29   0.100000E-29
  0.272270E+03   0.100000E-29   0.341328E-23   0.100000E-29   0.100000E-29
  0.294442E+03   0.100000E-29   0.280204E-23   0.100000E-29   0.100000E-29
  0.318420E+03   0.100000E-29   0.165854E-23   0.100000E-29   0.100000E-29
  0.344350E+03   0.100000E-29   0.201511E-23   0.100000E-29   0.100000E-29
  0.372392E+03   0.100000E-29   0.167319E-23   0.100000E-29   0.100000E-29
  0.402717E+03   0.100000E-29   0.949831E-24   0.100000E-29   0.100000E-29
  0.435512E+03   0.100000E-29   0.119288E-23   0.100000E-29   0.100000E-29
  0.470977E+03   0.100000E-29   0.972048E-24   0.100000E-29   0.100000E-29
  0.509331E+03   0.100000E-29   0.563589E-24   0.100000E-29   0.100000E-29
  0.550808E+03   0.100000E-29   0.688254E-24   0.100000E-29   0.100000E-29
  0.595662E+03   0.100000E-29   0.567043E-24   0.100000E-29   0.100000E-29
  0.644169E+03   0.100000E-29   0.469701E-24   0.100000E-29   0.100000E-29
  0.696627E+03   0.100000E-29   0.386325E-24   0.100000E-29   0.100000E-29
  0.753356E+03   0.100000E-29   0.312047E-24   0.100000E-29   0.100000E-29
  0.814704E+03   0.100000E-29   0.269702E-24   0.100000E-29   0.100000E-29
  0.881049E+03   0.100000E-29   0.220906E-24   0.100000E-29   0.100000E-29
  0.952796E+03   0.100000E-29   0.177804E-24   0.100000E-29   0.100000E-29
  0.103039E+04   0.100000E-29   0.148448E-24   0.100000E-29   0.100000E-29
  0.111429E+04   0.100000E-29   0.121133E-24   0.100000E-29   0.100000E-29
  0.120504E+04   0.100000E-29   0.971231E-25   0.100000E-29   0.100000E-29
  0.130317E+04   0.100000E-29   0.821060E-25   0.100000E-29   0.100000E-29
  0.140929E+04   0.100000E-29   0.688571E-25   0.100000E-29   0.100000E-29
  0.152405E+04   0.100000E-29   0.550228E-25   0.100000E-29   0.100000E-29
  0.164816E+04   0.100000E-29   0.442782E-25   0.100000E-29   0.100000E-29
  0.178238E+04   0.100000E-29   0.347070E-25   0.100000E-29   0.100000E-29
  0.192752E+04   0.100000E-29   0.303570E-25   0.100000E-29   0.100000E-29
  0.208449E+04   0.100000E-29   0.247726E-25   0.100000E-29   0.100000E-29
  0.225424E+04   0.100000E-29   0.199975E-25   0.100000E-29   0.100000E-29
  0.243781E+04   0.100000E-29   0.159005E-25   0.100000E-29   0.100000E-29
  0.263633E+04   0.100000E-29   0.131096E-25   0.100000E-29   0.100000E-29
  0.285102E+04   0.100000E-29   0.107295E-25   0.100000E-29   0.100000E-29
  0.308319E+04   0.100000E-29   0.569016E-26   0.100000E-29   0.100000E-29
  0.333426E+04   0.100000E-29   0.710918E-26   0.100000E-29   0.100000E-29
  0.360579E+04   0.100000E-29   0.562518E-26   0.100000E-29   0.100000E-29
  0.389942E+04   0.100000E-29   0.452100E-26   0.100000E-29   0.100000E-29
  0.421697E+04   0.100000E-29   0.377495E-26   0.100000E-29   0.100000E-29
  0.456037E+04   0.100000E-29   0.298174E-26   0.100000E-29   0.100000E-29
  0.493174E+04   0.100000E-29   0.163720E-26   0.100000E-29   0.100000E-29
  0.533335E+04   0.100000E-29   0.196045E-26   0.100000E-29   0.100000E-29
  0.576766E+04   0.100000E-29   0.154571E-26   0.100000E-29   0.100000E-29
  0.623735E+04   0.100000E-29   0.860997E-27   0.100000E-29   0.100000E-29
  0.674528E+04   0.100000E-29   0.101320E-26   0.100000E-29   0.100000E-29
  0.729458E+04   0.100000E-29   0.822662E-27   0.100000E-29   0.100000E-29
  0.788860E+04   0.100000E-29   0.440316E-27   0.100000E-29   0.100000E-29
  0.853100E+04   0.100000E-29   0.537877E-27   0.100000E-29   0.100000E-29
  0.922571E+04   0.100000E-29   0.429548E-27   0.100000E-29   0.100000E-29
  0.997700E+04   0.100000E-29   0.229412E-27   0.100000E-29   0.100000E-29
  0.107895E+05   0.100000E-29   0.280077E-27   0.100000E-29   0.100000E-29
  0.116681E+05   0.100000E-29   0.223197E-27   0.100000E-29   0.100000E-29
  0.126183E+05   0.100000E-29   0.121914E-27   0.100000E-29   0.100000E-29
  0.136458E+05   0.100000E-29   0.145240E-27   0.100000E-29   0.100000E-29
  0.147571E+05   0.100000E-29   0.114026E-27   0.100000E-29   0.100000E-29
  0.159588E+05   0.100000E-29   0.631397E-28   0.100000E-29   0.100000E-29
  0.172584E+05   0.100000E-29   0.752180E-28   0.100000E-29   0.100000E-29
  0.186638E+05   0.100000E-29   0.607385E-28   0.100000E-29   0.100000E-29
  0.201837E+05   0.100000E-29   0.325954E-28   0.100000E-29   0.100000E-29
  0.218273E+05   0.100000E-29   0.381153E-28   0.100000E-29   0.100000E-29
  0.236048E+05   0.100000E-29   0.307662E-28   0.100000E-29   0.100000E-29
  0.255270E+05   0.100000E-29   0.167618E-28   0.100000E-29   0.100000E-29
  0.276058E+05   0.100000E-29   0.196170E-28   0.100000E-29   0.100000E-29
  0.298538E+05   0.100000E-29   0.158326E-28   0.100000E-29   0.100000E-29
  0.322849E+05   0.100000E-29   0.130837E-28   0.100000E-29   0.100000E-29
  0.349140E+05   0.100000E-29   0.102295E-28   0.100000E-29   0.100000E-29
  0.377572E+05   0.100000E-29   0.812553E-29   0.100000E-29   0.100000E-29
  0.408319E+05   0.100000E-29   0.660820E-29   0.100000E-29   0.100000E-29
  0.441570E+05   0.100000E-29   0.524520E-29   0.100000E-29   0.100000E-29
  0.477529E+05   0.100000E-29   0.416216E-29   0.100000E-29   0.100000E-29
  0.516416E+05   0.100000E-29   0.338412E-29   0.100000E-29   0.100000E-29
  0.558470E+05   0.100000E-29   0.268215E-29   0.100000E-29   0.100000E-29
  0.603949E+05   0.100000E-29   0.212821E-29   0.100000E-29   0.100000E-29
  0.653131E+05   0.100000E-29   0.172804E-29   0.100000E-29   0.100000E-29
  0.706318E+05   0.100000E-29   0.137053E-29   0.100000E-29   0.100000E-29
  0.763836E+05   0.100000E-29   0.110331E-29   0.100000E-29   0.100000E-29
  0.826038E+05   0.100000E-29   0.100000E-29   0.100000E-29   0.100000E-29
  0.893305E+05   0.100000E-29   0.100000E-29   0.100000E-29   0.100000E-29
  0.966051E+05   0.100000E-29   0.100000E-29   0.100000E-29   0.100000E-29
  0.104472E+06   0.100000E-29   0.100000E-29   0.100000E-29   0.100000E-29
  0.112980E+06   0.100000E-29   0.100000E-29   0.100000E-29   0.100000E-29
  0.122180E+06   0.100000E-29   0.100000E-29   0.100000E-29   0.100000E-29
  0.132130E+06   0.100000E-29   0.100000E-29   0.100000E-29   0.100000E-29
  0.142889E+06   0.100000E-29   0.100000E-29   0.100000E-29   0.100000E-29
  0.154525E+06   0.100000E-29   0.100000E-29   0.100000E-29   0.100000E-29
  0.167109E+06   0.100000E-29   0.100000E-29   0.100000E-29   0.100000E-29
  0.180717E+06   0.100000E-29   0.100000E-29   0.100000E-29   0.100000E-29
  0.195434E+06   0.100000E-29   0.100000E-29   0.100000E-29   0.100000E-29
  0.211349E+06   0.100000E-29   0.100000E-29   0.100000E-29   0.100000E-29
  0.228560E+06   0.100000E-29   0.100000E-29   0.100000E-29   0.100000E-29
  0.247172E+06   0.100000E-29   0.100000E-29   0.100000E-29   0.100000E-29
  0.267301E+06   0.100000E-29   0.100000E-29   0.100000E-29   0.100000E-29
  0.289068E+06   0.100000E-29   0.100000E-29   0.100000E-29   0.100000E-29
  0.312608E+06   0.100000E-29   0.100000E-29   0.100000E-29   0.100000E-29
  0.338065E+06   0.100000E-29   0.100000E-29   0.100000E-29   0.100000E-29
  0.365595E+06   0.100000E-29   0.100000E-29   0.100000E-29   0.100000E-29
  0.395367E+06   0.100000E-29   0.100000E-29   0.100000E-29   0.100000E-29
  0.427563E+06   0.100000E-29   0.100000E-29   0.100000E-29   0.100000E-29
  0.462381E+06   0.100000E-29   0.100000E-29   0.100000E-29   0.100000E-29
  0.500035E+06   0.100000E-29   0.100000E-29   0.100000E-29   0.100000E-29
  0.540754E+06   0.100000E-29   0.100000E-29   0.100000E-29   0.100000E-29
  0.584790E+06   0.100000E-29   0.100000E-29   0.100000E-29   0.100000E-29
  0.632412E+06   0.100000E-29   0.100000E-29   0.100000E-29   0.100000E-29
  0.683912E+06   0.100000E-29   0.100000E-29   0.100000E-29   0.100000E-29
  0.739605E+06   0.100000E-29   0.100000E-29   0.100000E-29   0.100000E-29
  0.799834E+06   0.100000E-29   0.100000E-29   0.100000E-29   0.100000E-29
  0.864968E+06   0.100000E-29   0.100000E-29   0.100000E-29   0.100000E-29
  0.935406E+06   0.100000E-29   0.100000E-29   0.100000E-29   0.100000E-29
  0.101158E+07   0.100000E-29   0.100000E-29   0.100000E-29   0.100000E-29
  0.109396E+07   0.100000E-29   0.100000E-29   0.100000E-29   0.100000E-29
  0.118304E+07   0.100000E-29   0.100000E-29   0.100000E-29   0.100000E-29
  0.127938E+07   0.100000E-29   0.100000E-29   0.100000E-29   0.100000E-29
  0.138357E+07   0.100000E-29   0.100000E-29   0.100000E-29   0.100000E-29
  0.149624E+07   0.100000E-29   0.100000E-29   0.100000E-29   0.100000E-29
  0.161808E+07   0.100000E-29   0.100000E-29   0.100000E-29   0.100000E-29
  0.174985E+07   0.100000E-29   0.100000E-29   0.100000E-29   0.100000E-29
  0.189234E+07   0.100000E-29   0.100000E-29   0.100000E-29   0.100000E-29
  0.204644E+07   0.100000E-29   0.100000E-29   0.100000E-29   0.100000E-29
  0.221309E+07   0.100000E-29   0.100000E-29   0.100000E-29   0.100000E-29
  0.239332E+07   0.100000E-29   0.100000E-29   0.100000E-29   0.100000E-29
  0.258821E+07   0.100000E-29   0.100000E-29   0.100000E-29   0.100000E-29
  0.279898E+07   0.100000E-29   0.100000E-29   0.100000E-29   0.100000E-29
  0.302691E+07   0.100000E-29   0.100000E-29   0.100000E-29   0.100000E-29
  0.327341E+07   0.100000E-29   0.100000E-29   0.100000E-29   0.100000E-29
  0.353997E+07   0.100000E-29   0.100000E-29   0.100000E-29   0.100000E-29
  0.382825E+07   0.100000E-29   0.100000E-29   0.100000E-29   0.100000E-29
  0.414000E+07   0.100000E-29   0.100000E-29   0.100000E-29   0.100000E-29
  0.447713E+07   0.100000E-29   0.100000E-29   0.100000E-29   0.100000E-29
  0.484172E+07   0.100000E-29   0.100000E-29   0.100000E-29   0.100000E-29
  0.523600E+07   0.100000E-29   0.100000E-29   0.100000E-29   0.100000E-29
  0.566239E+07   0.100000E-29   0.100000E-29   0.100000E-29   0.100000E-29
  0.612350E+07   0.100000E-29   0.100000E-29   0.100000E-29   0.100000E-29
  0.662217E+07   0.100000E-29   0.100000E-29   0.100000E-29   0.100000E-29
  0.716143E+07   0.100000E-29   0.100000E-29   0.100000E-29   0.100000E-29
  0.774462E+07   0.100000E-29   0.100000E-29   0.100000E-29   0.100000E-29
  0.837529E+07   0.100000E-29   0.100000E-29   0.100000E-29   0.100000E-29
  0.905733E+07   0.100000E-29   0.100000E-29   0.100000E-29   0.100000E-29
  0.979490E+07   0.100000E-29   0.100000E-29   0.100000E-29   0.100000E-29
  0.105925E+08   0.100000E-29   0.100000E-29   0.100000E-29   0.100000E-29
  0.114551E+08   0.100000E-29   0.100000E-29   0.100000E-29   0.100000E-29
  0.123880E+08   0.100000E-29   0.100000E-29   0.100000E-29   0.100000E-29
  0.133968E+08   0.100000E-29   0.100000E-29   0.100000E-29   0.100000E-29
  0.144877E+08   0.100000E-29   0.100000E-29   0.100000E-29   0.100000E-29
  0.156675E+08   0.100000E-29   0.100000E-29   0.100000E-29   0.100000E-29
  0.169434E+08   0.100000E-29   0.100000E-29   0.100000E-29   0.100000E-29
  0.183231E+08   0.100000E-29   0.100000E-29   0.100000E-29   0.100000E-29
  0.198153E+08   0.100000E-29   0.100000E-29   0.100000E-29   0.100000E-29
  0.214289E+08   0.100000E-29   0.100000E-29   0.100000E-29   0.100000E-29
  0.231739E+08   0.100000E-29   0.100000E-29   0.100000E-29   0.100000E-29
  0.250611E+08   0.100000E-29   0.100000E-29   0.100000E-29   0.100000E-29
  0.271019E+08   0.100000E-29   0.100000E-29   0.100000E-29   0.100000E-29
  0.293089E+08   0.100000E-29   0.100000E-29   0.100000E-29   0.100000E-29
  0.316957E+08   0.100000E-29   0.100000E-29   0.100000E-29   0.100000E-29
  0.342768E+08   0.100000E-29   0.100000E-29   0.100000E-29   0.100000E-29
  0.370681E+08   0.100000E-29   0.100000E-29   0.100000E-29   0.100000E-29
  0.400867E+08   0.100000E-29   0.100000E-29   0.100000E-29   0.100000E-29
  0.433511E+08   0.100000E-29   0.100000E-29   0.100000E-29   0.100000E-29
  0.468813E+08   0.100000E-29   0.100000E-29   0.100000E-29   0.100000E-29
  0.506991E+08   0.100000E-29   0.100000E-29   0.100000E-29   0.100000E-29
  0.548277E+08   0.100000E-29   0.100000E-29   0.100000E-29   0.100000E-29
  0.592925E+08   0.100000E-29   0.100000E-29   0.100000E-29   0.100000E-29
  0.641210E+08   0.100000E-29   0.100000E-29   0.100000E-29   0.100000E-29
  0.693426E+08   0.100000E-29   0.100000E-29   0.100000E-29   0.100000E-29
  0.749894E+08   0.100000E-29   0.100000E-29   0.100000E-29   0.100000E-29
  0.810961E+08   0.100000E-29   0.100000E-29   0.100000E-29   0.100000E-29
  0.877001E+08   0.100000E-29   0.100000E-29   0.100000E-29   0.100000E-29
  0.948418E+08   0.100000E-29   0.100000E-29   0.100000E-29   0.100000E-29
  0.102565E+09   0.100000E-29   0.100000E-29   0.100000E-29   0.100000E-29
  0.110917E+09   0.100000E-29   0.100000E-29   0.100000E-29   0.100000E-29
  0.119950E+09   0.100000E-29   0.100000E-29   0.100000E-29   0.100000E-29
  0.129718E+09   0.100000E-29   0.100000E-29   0.100000E-29   0.100000E-29
  0.140281E+09   0.100000E-29   0.100000E-29   0.100000E-29   0.100000E-29
  0.151705E+09   0.100000E-29   0.100000E-29   0.100000E-29   0.100000E-29
  0.164059E+09   0.100000E-29   0.100000E-29   0.100000E-29   0.100000E-29
  0.177419E+09   0.100000E-29   0.100000E-29   0.100000E-29   0.100000E-29
  0.191867E+09   0.100000E-29   0.100000E-29   0.100000E-29   0.100000E-29
  0.207491E+09   0.100000E-29   0.100000E-29   0.100000E-29   0.100000E-29
  0.224388E+09   0.100000E-29   0.100000E-29   0.100000E-29   0.100000E-29
  0.242661E+09   0.100000E-29   0.100000E-29   0.100000E-29   0.100000E-29
  0.262422E+09   0.100000E-29   0.100000E-29   0.100000E-29   0.100000E-29
  0.283792E+09   0.100000E-29   0.100000E-29   0.100000E-29   0.100000E-29
  0.306902E+09   0.100000E-29   0.100000E-29   0.100000E-29   0.100000E-29
  0.331894E+09   0.100000E-29   0.100000E-29   0.100000E-29   0.100000E-29
  0.358922E+09   0.100000E-29   0.100000E-29   0.100000E-29   0.100000E-29
  0.388150E+09   0.100000E-29   0.100000E-29   0.100000E-29   0.100000E-29
  0.419759E+09   0.100000E-29   0.100000E-29   0.100000E-29   0.100000E-29
  0.453942E+09   0.100000E-29   0.100000E-29   0.100000E-29   0.100000E-29
  0.490908E+09   0.100000E-29   0.100000E-29   0.100000E-29   0.100000E-29
  0.530884E+09   0.100000E-29   0.100000E-29   0.100000E-29   0.100000E-29
  0.574116E+09   0.100000E-29   0.100000E-29   0.100000E-29   0.100000E-29
  0.620869E+09   0.100000E-29   0.100000E-29   0.100000E-29   0.100000E-29
  0.671429E+09   0.100000E-29   0.100000E-29   0.100000E-29   0.100000E-29
  0.726106E+09   0.100000E-29   0.100000E-29   0.100000E-29   0.100000E-29
  0.785236E+09   0.100000E-29   0.100000E-29   0.100000E-29   0.100000E-29
  0.849180E+09   0.100000E-29   0.100000E-29   0.100000E-29   0.100000E-29
  0.918333E+09   0.100000E-29   0.100000E-29   0.100000E-29   0.100000E-29
  0.993116E+09   0.100000E-29   0.100000E-29   0.100000E-29   0.100000E-29
  0.107399E+10   0.100000E-29   0.100000E-29   0.100000E-29   0.100000E-29
  0.116145E+10   0.100000E-29   0.100000E-29   0.100000E-29   0.100000E-29
  0.125603E+10   0.100000E-29   0.100000E-29   0.100000E-29   0.100000E-29
  0.135831E+10   0.100000E-29   0.100000E-29   0.100000E-29   0.100000E-29
  0.146893E+10   0.100000E-29   0.100000E-29   0.100000E-29   0.100000E-29
  0.158855E+10   0.100000E-29   0.100000E-29   0.100000E-29   0.100000E-29
  0.171791E+10   0.100000E-29   0.100000E-29   0.100000E-29   0.100000E-29
  0.185780E+10   0.100000E-29   0.100000E-29   0.100000E-29   0.100000E-29
  0.200909E+10   0.100000E-29   0.100000E-29   0.100000E-29   0.100000E-29
  0.217270E+10   0.100000E-29   0.100000E-29   0.100000E-29   0.100000E-29
  0.234963E+10   0.100000E-29   0.100000E-29   0.100000E-29   0.100000E-29
  0.254097E+10   0.100000E-29   0.100000E-29   0.100000E-29   0.100000E-29
  0.274789E+10   0.100000E-29   0.100000E-29   0.100000E-29   0.100000E-29
  0.297167E+10   0.100000E-29   0.100000E-29   0.100000E-29   0.100000E-29
  0.321366E+10   0.100000E-29   0.100000E-29   0.100000E-29   0.100000E-29
  0.347536E+10   0.100000E-29   0.100000E-29   0.100000E-29   0.100000E-29
  0.375837E+10   0.100000E-29   0.100000E-29   0.100000E-29   0.100000E-29
  0.406443E+10   0.100000E-29   0.100000E-29   0.100000E-29   0.100000E-29
  0.439542E+10   0.100000E-29   0.100000E-29   0.100000E-29   0.100000E-29
  0.475335E+10   0.100000E-29   0.100000E-29   0.100000E-29   0.100000E-29
  0.514044E+10   0.100000E-29   0.100000E-29   0.100000E-29   0.100000E-29
  0.555904E+10   0.100000E-29   0.100000E-29   0.100000E-29   0.100000E-29
  0.601174E+10   0.100000E-29   0.100000E-29   0.100000E-29   0.100000E-29
  0.650130E+10   0.100000E-29   0.100000E-29   0.100000E-29   0.100000E-29
  0.703072E+10   0.100000E-29   0.100000E-29   0.100000E-29   0.100000E-29
  0.760326E+10   0.100000E-29   0.100000E-29   0.100000E-29   0.100000E-29
  0.822243E+10   0.100000E-29   0.100000E-29   0.100000E-29   0.100000E-29
  0.889201E+10   0.100000E-29   0.100000E-29   0.100000E-29   0.100000E-29
  0.961612E+10   0.100000E-29   0.100000E-29   0.100000E-29   0.100000E-29
