  0.103992E-06   0.331516E+39   0.129593E-22   0.915699E+22   0.488050E+16
  0.112460E-06   0.387707E+39   0.181524E-22   0.107090E+23   0.570774E+16
  0.121619E-06   0.453422E+39   0.212292E-22   0.125240E+23   0.667520E+16
  0.131522E-06   0.530276E+39   0.261704E-22   0.146467E+23   0.780664E+16
  0.142233E-06   0.620156E+39   0.319503E-22   0.171291E+23   0.912986E+16
  0.153815E-06   0.725271E+39   0.386768E-22   0.200322E+23   0.106774E+17
  0.166341E-06   0.848202E+39   0.465232E-22   0.234272E+23   0.124872E+17
  0.179887E-06   0.991969E+39   0.544089E-22   0.273977E+23   0.146037E+17
  0.194536E-06   0.116010E+40   0.653601E-22   0.320411E+23   0.170791E+17
  0.210378E-06   0.135674E+40   0.779165E-22   0.374713E+23   0.199739E+17
  0.227510E-06   0.158670E+40   0.924682E-22   0.438218E+23   0.233595E+17
  0.246037E-06   0.185564E+40   0.933869E-22   0.512485E+23   0.273189E+17
  0.266073E-06   0.217016E+40   0.128139E-21   0.599336E+23   0.319495E+17
  0.287740E-06   0.253799E+40   0.151331E-21   0.700906E+23   0.373649E+17
  0.311172E-06   0.296816E+40   0.178311E-21   0.819686E+23   0.436982E+17
  0.336512E-06   0.347125E+40   0.209767E-21   0.958594E+23   0.511050E+17
  0.363915E-06   0.405960E+40   0.245322E-21   0.112104E+24   0.597672E+17
  0.393550E-06   0.474767E+40   0.293205E-21   0.131101E+24   0.698977E+17
  0.425598E-06   0.555237E+40   0.349947E-21   0.153317E+24   0.817453E+17
  0.460257E-06   0.649345E+40   0.416880E-21   0.179297E+24   0.956010E+17
  0.497737E-06   0.759403E+40   0.421320E-21   0.209678E+24   0.111805E+18
  0.538270E-06   0.888115E+40   0.588174E-21   0.245207E+24   0.130756E+18
  0.582103E-06   0.103864E+41   0.707541E-21   0.286754E+24   0.152919E+18
  0.629506E-06   0.121468E+41   0.846904E-21   0.335340E+24   0.178839E+18
  0.680769E-06   0.142055E+41   0.102669E-20   0.392157E+24   0.209152E+18
  0.736207E-06   0.166132E+41   0.120071E-20   0.458597E+24   0.244603E+18
  0.796159E-06   0.194289E+41   0.142366E-20   0.536292E+24   0.286063E+18
  0.860994E-06   0.227218E+41   0.170396E-20   0.627145E+24   0.334550E+18
  0.931108E-06   0.265728E+41   0.202556E-20   0.733386E+24   0.391256E+18
  0.100693E-05   0.310764E+41   0.239586E-20   0.857618E+24   0.457573E+18
  0.108893E-05   0.363433E+41   0.280196E-20   0.100289E+25   0.535131E+18
  0.117761E-05   0.425028E+41   0.333832E-20   0.117276E+25   0.625835E+18
  0.127350E-05   0.497061E+41   0.396092E-20   0.137138E+25   0.731913E+18
  0.137721E-05   0.581302E+41   0.467170E-20   0.160364E+25   0.855971E+18
  0.148936E-05   0.679818E+41   0.472936E-20   0.187521E+25   0.100106E+19
  0.161065E-05   0.795028E+41   0.650487E-20   0.219274E+25   0.117073E+19
  0.174181E-05   0.929762E+41   0.770324E-20   0.256401E+25   0.136917E+19
  0.188365E-05   0.108733E+42   0.910874E-20   0.299812E+25   0.160124E+19
  0.203704E-05   0.127159E+42   0.107191E-19   0.350566E+25   0.187265E+19
  0.220293E-05   0.148708E+42   0.125360E-19   0.409908E+25   0.219006E+19
  0.238232E-05   0.173908E+42   0.147231E-19   0.479286E+25   0.256127E+19
  0.257632E-05   0.203378E+42   0.174772E-19   0.560397E+25   0.299539E+19
  0.278612E-05   0.237841E+42   0.204350E-19   0.655223E+25   0.350310E+19
  0.301301E-05   0.278144E+42   0.204906E-19   0.766080E+25   0.409687E+19
  0.325837E-05   0.325274E+42   0.279372E-19   0.895672E+25   0.479128E+19
  0.352371E-05   0.380389E+42   0.305240E-19   0.104716E+26   0.560338E+19
  0.381066E-05   0.444841E+42   0.343266E-19   0.122424E+26   0.655313E+19
  0.412098E-05   0.520211E+42   0.386258E-19   0.143123E+26   0.766386E+19
  0.445656E-05   0.608349E+42   0.509325E-19   0.167317E+26   0.896285E+19
  0.481948E-05   0.711415E+42   0.568075E-19   0.195594E+26   0.104820E+20
  0.521195E-05   0.831939E+42   0.635087E-19   0.228641E+26   0.122587E+20
  0.563638E-05   0.972875E+42   0.717164E-19   0.267263E+26   0.143364E+20
  0.609537E-05   0.113768E+43   0.799179E-19   0.312396E+26   0.167664E+20
  0.659174E-05   0.133039E+43   0.105943E-18   0.365134E+26   0.196082E+20
  0.712853E-05   0.155574E+43   0.126040E-18   0.426755E+26   0.229316E+20
  0.770903E-05   0.181924E+43   0.146192E-18   0.498750E+26   0.268184E+20
  0.833681E-05   0.212735E+43   0.171503E-18   0.582859E+26   0.313639E+20
  0.901571E-05   0.248762E+43   0.202272E-18   0.681110E+26   0.366798E+20
  0.974990E-05   0.290887E+43   0.235842E-18   0.795871E+26   0.428967E+20
  0.105439E-04   0.340142E+43   0.276910E-18   0.929903E+26   0.501673E+20
  0.114025E-04   0.397733E+43   0.327437E-18   0.108642E+27   0.586702E+20
  0.123310E-04   0.465068E+43   0.381150E-18   0.126919E+27   0.686142E+20
  0.133352E-04   0.543795E+43   0.446877E-18   0.148256E+27   0.802435E+20
  0.144212E-04   0.635839E+43   0.527264E-18   0.173164E+27   0.938437E+20
  0.155955E-04   0.743450E+43   0.613077E-18   0.202236E+27   0.109749E+21
  0.168655E-04   0.869259E+43   0.718373E-18   0.236161E+27   0.128350E+21
  0.182390E-04   0.101634E+44   0.847825E-18   0.275744E+27   0.150103E+21
  0.197242E-04   0.118828E+44   0.984911E-18   0.321918E+27   0.175543E+21
  0.213304E-04   0.138927E+44   0.115402E-17   0.375771E+27   0.205294E+21
  0.230675E-04   0.162423E+44   0.135971E-17   0.438564E+27   0.240087E+21
  0.249459E-04   0.189887E+44   0.158100E-17   0.511764E+27   0.280777E+21
  0.269774E-04   0.221989E+44   0.185075E-17   0.597073E+27   0.328362E+21
  0.291743E-04   0.259510E+44   0.218420E-17   0.696464E+27   0.384012E+21
  0.315500E-04   0.303362E+44   0.254012E-17   0.812227E+27   0.449091E+21
  0.341193E-04   0.354612E+44   0.297720E-17   0.947012E+27   0.525199E+21
  0.368978E-04   0.414503E+44   0.351459E-17   0.110389E+28   0.614204E+21
  0.399025E-04   0.484490E+44   0.408755E-17   0.128640E+28   0.718291E+21
  0.431519E-04   0.566267E+44   0.479557E-17   0.149864E+28   0.840014E+21
  0.466659E-04   0.661815E+44   0.567059E-17   0.174534E+28   0.982364E+21
  0.504661E-04   0.773444E+44   0.661708E-17   0.203195E+28   0.114883E+22
  0.545758E-04   0.903848E+44   0.778566E-17   0.236473E+28   0.134351E+22
  0.590201E-04   0.105617E+45   0.924216E-17   0.275090E+28   0.157116E+22
  0.638263E-04   0.123409E+45   0.107991E-16   0.319870E+28   0.183739E+22
  0.690240E-04   0.144186E+45   0.127051E-16   0.371762E+28   0.214872E+22
  0.746449E-04   0.168449E+45   0.150301E-16   0.431846E+28   0.251279E+22
  0.807235E-04   0.196777E+45   0.174965E-16   0.501357E+28   0.293854E+22
  0.872971E-04   0.229848E+45   0.206433E-16   0.581698E+28   0.343641E+22
  0.944061E-04   0.268449E+45   0.239637E-16   0.674462E+28   0.401861E+22
  0.102094E-03   0.313500E+45   0.279548E-16   0.781452E+28   0.469942E+22
  0.110408E-03   0.366067E+45   0.328136E-16   0.904697E+28   0.549553E+22
  0.119399E-03   0.427395E+45   0.379491E-16   0.104648E+29   0.642647E+22
  0.129122E-03   0.498928E+45   0.442742E-16   0.120935E+29   0.751506E+22
  0.139637E-03   0.582346E+45   0.521407E-16   0.139614E+29   0.878798E+22
  0.151008E-03   0.679601E+45   0.605918E-16   0.161000E+29   0.102764E+23
  0.163305E-03   0.792959E+45   0.710752E-16   0.185437E+29   0.120169E+23
  0.176604E-03   0.925049E+45   0.843667E-16   0.213301E+29   0.140520E+23
  0.190985E-03   0.107892E+46   0.100030E-15   0.244998E+29   0.164315E+23
  0.206538E-03   0.125811E+46   0.116888E-15   0.280964E+29   0.192138E+23
  0.223357E-03   0.146670E+46   0.137457E-15   0.321657E+29   0.224670E+23
  0.241546E-03   0.170942E+46   0.158176E-15   0.367551E+29   0.262706E+23
  0.261216E-03   0.199175E+46   0.181148E-15   0.419131E+29   0.307177E+23
  0.282488E-03   0.232000E+46   0.206856E-15   0.476874E+29   0.359170E+23
  0.305492E-03   0.270144E+46   0.231162E-15   0.541236E+29   0.419958E+23
  0.330370E-03   0.314445E+46   0.256657E-15   0.612624E+29   0.491024E+23
  0.357273E-03   0.365868E+46   0.282371E-15   0.691372E+29   0.574106E+23
  0.386367E-03   0.425520E+46   0.301108E-15   0.777702E+29   0.671231E+23
  0.417830E-03   0.494669E+46   0.320654E-15   0.871680E+29   0.784770E+23
  0.451856E-03   0.574766E+46   0.343520E-15   0.973167E+29   0.917491E+23
  0.488652E-03   0.667469E+46   0.361270E-15   0.108176E+30   0.107263E+24
  0.528445E-03   0.774666E+46   0.379935E-15   0.119673E+30   0.125397E+24
  0.571479E-03   0.898501E+46   0.403827E-15   0.131694E+30   0.146591E+24
  0.618016E-03   0.104141E+47   0.422616E-15   0.144081E+30   0.171363E+24
  0.668344E-03   0.120612E+47   0.444219E-15   0.156622E+30   0.200313E+24
  0.722770E-03   0.139574E+47   0.472277E-15   0.169049E+30   0.234144E+24
  0.781628E-03   0.161372E+47   0.495014E-15   0.181034E+30   0.273679E+24
  0.845279E-03   0.186391E+47   0.521603E-15   0.192191E+30   0.319873E+24
  0.914113E-03   0.215060E+47   0.555643E-15   0.202084E+30   0.373847E+24
  0.988553E-03   0.247851E+47   0.583773E-15   0.210242E+30   0.436904E+24
  0.106905E-02   0.285281E+47   0.615750E-15   0.216174E+30   0.510568E+24
  0.115611E-02   0.327910E+47   0.655710E-15   0.219408E+30   0.596614E+24
  0.125026E-02   0.376341E+47   0.686653E-15   0.219520E+30   0.697115E+24
  0.135207E-02   0.431214E+47   0.721566E-15   0.216187E+30   0.814485E+24
  0.146218E-02   0.493201E+47   0.764644E-15   0.209225E+30   0.951541E+24
  0.158125E-02   0.562989E+47   0.795743E-15   0.198640E+30   0.111156E+25
  0.171002E-02   0.641269E+47   0.828952E-15   0.184657E+30   0.129838E+25
  0.184927E-02   0.728711E+47   0.870118E-15   0.167733E+30   0.151644E+25
  0.199986E-02   0.825937E+47   0.897247E-15   0.148549E+30   0.177093E+25
  0.216272E-02   0.933483E+47   0.924714E-15   0.127966E+30   0.206788E+25
  0.233884E-02   0.105175E+48   0.961015E-15   0.106954E+30   0.241432E+25
  0.252930E-02   0.118095E+48   0.979950E-15   0.864969E+29   0.281841E+25
  0.273527E-02   0.132103E+48   0.998701E-15   0.674925E+29   0.328964E+25
  0.295801E-02   0.147162E+48   0.102729E-14   0.506548E+29   0.383904E+25
  0.319890E-02   0.163191E+48   0.103661E-14   0.364471E+29   0.447941E+25
  0.345939E-02   0.180057E+48   0.104662E-14   0.250522E+29   0.522561E+25
  0.374111E-02   0.197565E+48   0.106620E-14   0.163877E+29   0.609485E+25
  0.404576E-02   0.215451E+48   0.106592E-14   0.101604E+29   0.710710E+25
  0.437522E-02   0.233370E+48   0.106760E-14   0.594442E+28   0.828548E+25
  0.473151E-02   0.250895E+48   0.107679E-14   0.326629E+28   0.965670E+25
  0.511682E-02   0.267513E+48   0.106734E-14   0.167696E+28   0.112517E+26
  0.553350E-02   0.282634E+48   0.107556E-14   0.800032E+27   0.131060E+26
  0.598412E-02   0.295603E+48   0.106519E-14   0.352544E+27   0.152609E+26
  0.647143E-02   0.305728E+48   0.104813E-14   0.142571E+27   0.177638E+26
  0.699842E-02   0.312314E+48   0.104833E-14   0.525445E+26   0.206689E+26
  0.756833E-02   0.314712E+48   0.103256E-14   0.175151E+26   0.240390E+26
  0.818465E-02   0.312383E+48   0.101086E-14   0.523770E+25   0.279456E+26
  0.885116E-02   0.304958E+48   0.100616E-14   0.139273E+25   0.324709E+26
  0.957194E-02   0.292307E+48   0.985400E-15   0.326168E+24   0.377085E+26
  0.103514E-01   0.274593E+48   0.960477E-15   0.665841E+23   0.437650E+26
  0.111944E-01   0.252311E+48   0.948843E-15   0.117165E+23   0.507618E+26
  0.121060E-01   0.226284E+48   0.925779E-15   0.175579E+22   0.588360E+26
  0.130918E-01   0.197630E+48   0.906950E-15   0.221163E+21   0.681430E+26
  0.141579E-01   0.167675E+48   0.901335E-15   0.230874E+20   0.788570E+26
  0.153109E-01   0.137838E+48   0.869330E-15   0.196706E+19   0.911739E+26
  0.165577E-01   0.109480E+48   0.839665E-15   0.134541E+18   0.105312E+27
  0.179061E-01   0.837678E+47   0.820835E-15   0.725634E+16   0.121512E+27
  0.193642E-01   0.615464E+47   0.792541E-15   0.302695E+15   0.140043E+27
  0.209411E-01   0.432742E+47   0.782850E-15   0.956383E+13   0.161195E+27
  0.226464E-01   0.290109E+47   0.776638E-15   0.223754E+12   0.185287E+27
  0.244906E-01   0.184710E+47   0.746665E-15   0.378264E+10   0.212659E+27
  0.264850E-01   0.111217E+47   0.717108E-15   0.450002E+08   0.243674E+27
  0.286418E-01   0.630404E+46   0.702700E-15   0.366102E+06   0.278711E+27
  0.309742E-01   0.334727E+46   0.673291E-15   0.197477E+04   0.318160E+27
  0.334965E-01   0.165604E+46   0.654709E-15   0.683011E+01   0.362413E+27
  0.362243E-01   0.759031E+45   0.649240E-15   0.146088E-01   0.411849E+27
  0.391742E-01   0.320296E+45   0.632072E-15   0.185816E-04   0.466821E+27
  0.423643E-01   0.123602E+45   0.566402E-15   0.134726E-07   0.527634E+27
  0.458142E-01   0.433027E+44   0.539320E-15   0.531910E-11   0.594516E+27
  0.495450E-01   0.136649E+44   0.506721E-15   0.108831E-14   0.667590E+27
  0.535797E-01   0.385122E+43   0.487984E-15   0.109381E-18   0.746832E+27
  0.579429E-01   0.960498E+42   0.480247E-15   0.509642E-23   0.832030E+27
  0.626614E-01   0.209882E+42   0.470467E-15   0.103404E-27   0.922732E+27
  0.677642E-01   0.397520E+41   0.464570E-15   0.100000E-29   0.101819E+28
  0.732825E-01   0.645046E+40   0.473867E-15   0.100000E-29   0.111731E+28
  0.792501E-01   0.885528E+39   0.484071E-15   0.100000E-29   0.121860E+28
  0.857038E-01   0.101457E+39   0.505574E-15   0.100000E-29   0.132012E+28
  0.926830E-01   0.955935E+37   0.431810E-15   0.100000E-29   0.141945E+28
  0.100231E+00   0.729006E+36   0.336905E-15   0.100000E-29   0.151370E+28
  0.108393E+00   0.442292E+35   0.278589E-15   0.100000E-29   0.159953E+28
  0.117220E+00   0.209544E+34   0.238347E-15   0.100000E-29   0.167325E+28
  0.126765E+00   0.759765E+32   0.219663E-15   0.100000E-29   0.173092E+28
  0.137088E+00   0.206283E+31   0.516962E-15   0.100000E-29   0.176861E+28
  0.148252E+00   0.409638E+29   0.573503E-15   0.100000E-29   0.178265E+28
  0.160325E+00   0.579994E+27   0.640448E-15   0.100000E-29   0.176995E+28
  0.173380E+00   0.569602E+25   0.712482E-15   0.100000E-29   0.172841E+28
  0.187499E+00   0.376622E+23   0.811894E-15   0.100000E-29   0.165727E+28
  0.202768E+00   0.162344E+21   0.920870E-15   0.100000E-29   0.155742E+28
  0.219280E+00   0.440584E+18   0.100344E-14   0.100000E-29   0.143163E+28
  0.237137E+00   0.724976E+15   0.112540E-14   0.100000E-29   0.128453E+28
  0.256448E+00   0.694423E+12   0.119615E-14   0.100000E-29   0.112242E+28
  0.277332E+00   0.370504E+09   0.107696E-15   0.100000E-29   0.952805E+27
  0.299916E+00   0.104987E+06   0.824301E-16   0.100000E-29   0.783712E+27
  0.324340E+00   0.150063E+02   0.579980E-16   0.100000E-29   0.622874E+27
  0.350752E+00   0.102330E-02   0.560111E-16   0.100000E-29   0.476913E+27
  0.379315E+00   0.313437E-07   0.362239E-16   0.100000E-29   0.350663E+27
  0.410204E+00   0.404026E-12   0.229631E-16   0.100000E-29   0.246756E+27
  0.443609E+00   0.204255E-17   0.153911E-16   0.100000E-29   0.165570E+27
  0.479733E+00   0.375262E-23   0.110013E-16   0.100000E-29   0.105517E+27
  0.518800E+00   0.230727E-29   0.883661E-17   0.100000E-29   0.635988E+26
  0.561048E+00   0.100000E-29   0.258770E-16   0.100000E-29   0.360894E+26
  0.606736E+00   0.100000E-29   0.289100E-16   0.100000E-29   0.191855E+26
  0.656145E+00   0.100000E-29   0.294051E-16   0.100000E-29   0.950426E+25
  0.709578E+00   0.100000E-29   0.309991E-16   0.100000E-29   0.436231E+25
  0.767361E+00   0.100000E-29   0.352284E-16   0.100000E-29   0.184361E+25
  0.829851E+00   0.100000E-29   0.408553E-16   0.100000E-29   0.712616E+24
  0.897429E+00   0.100000E-29   0.475958E-16   0.100000E-29   0.250103E+24
  0.970510E+00   0.100000E-29   0.545492E-16   0.100000E-29   0.790759E+23
  0.104954E+01   0.100000E-29   0.634945E-16   0.100000E-29   0.223327E+23
  0.113501E+01   0.100000E-29   0.170039E-17   0.100000E-29   0.558232E+22
  0.122744E+01   0.100000E-29   0.192589E-17   0.100000E-29   0.122278E+22
  0.132739E+01   0.100000E-29   0.212540E-17   0.100000E-29   0.232207E+21
  0.143549E+01   0.100000E-29   0.171222E-17   0.100000E-29   0.377870E+20
  0.155239E+01   0.100000E-29   0.971971E-18   0.100000E-29   0.520343E+19
  0.167880E+01   0.100000E-29   0.543410E-18   0.100000E-29   0.598152E+18
  0.181552E+01   0.100000E-29   0.471310E-18   0.100000E-29   0.565616E+17
  0.196336E+01   0.100000E-29   0.261593E-18   0.100000E-29   0.433026E+16
  0.212324E+01   0.100000E-29   0.270381E-18   0.100000E-29   0.263827E+15
  0.229615E+01   0.100000E-29   0.270648E-18   0.100000E-29   0.125562E+14
  0.248313E+01   0.100000E-29   0.198495E-18   0.100000E-29   0.457510E+12
  0.268534E+01   0.100000E-29   0.130628E-18   0.100000E-29   0.124881E+11
  0.290402E+01   0.100000E-29   0.147877E-18   0.100000E-29   0.249420E+09
  0.314051E+01   0.100000E-29   0.143213E-18   0.100000E-29   0.355350E+07
  0.339625E+01   0.100000E-29   0.142973E-18   0.100000E-29   0.351339E+05
  0.367282E+01   0.100000E-29   0.136652E-18   0.100000E-29   0.234003E+03
  0.397192E+01   0.100000E-29   0.141961E-18   0.100000E-29   0.101664E+01
  0.429536E+01   0.100000E-29   0.150936E-18   0.100000E-29   0.278264E-02
  0.464515E+01   0.100000E-29   0.756971E-19   0.100000E-29   0.462113E-05
  0.502343E+01   0.100000E-29   0.608125E-19   0.100000E-29   0.447065E-08
  0.543250E+01   0.100000E-29   0.655849E-19   0.100000E-29   0.241109E-11
  0.587489E+01   0.100000E-29   0.666145E-19   0.100000E-29   0.691213E-15
  0.635331E+01   0.100000E-29   0.707037E-19   0.100000E-29   0.100050E-18
  0.687068E+01   0.100000E-29   0.569482E-19   0.100000E-29   0.691602E-23
  0.743019E+01   0.100000E-29   0.652023E-19   0.100000E-29   0.214979E-27
  0.803526E+01   0.100000E-29   0.692402E-19   0.100000E-29   0.100000E-29
  0.868960E+01   0.100000E-29   0.779628E-19   0.100000E-29   0.100000E-29
  0.939723E+01   0.100000E-29   0.768986E-19   0.100000E-29   0.100000E-29
  0.101625E+02   0.100000E-29   0.574341E-19   0.100000E-29   0.100000E-29
  0.109901E+02   0.100000E-29   0.543703E-19   0.100000E-29   0.100000E-29
  0.118850E+02   0.100000E-29   0.627776E-19   0.100000E-29   0.100000E-29
  0.128529E+02   0.100000E-29   0.481722E-19   0.100000E-29   0.100000E-29
  0.138995E+02   0.100000E-29   0.402843E-19   0.100000E-29   0.100000E-29
  0.150314E+02   0.100000E-29   0.373165E-19   0.100000E-29   0.100000E-29
  0.162555E+02   0.100000E-29   0.415812E-19   0.100000E-29   0.100000E-29
  0.175792E+02   0.100000E-29   0.406228E-19   0.100000E-29   0.100000E-29
  0.190108E+02   0.100000E-29   0.453545E-19   0.100000E-29   0.100000E-29
  0.205589E+02   0.100000E-29   0.182360E-19   0.100000E-29   0.100000E-29
  0.222331E+02   0.100000E-29   0.159680E-19   0.100000E-29   0.100000E-29
  0.240436E+02   0.100000E-29   0.855911E-20   0.100000E-29   0.100000E-29
  0.260016E+02   0.100000E-29   0.923799E-20   0.100000E-29   0.100000E-29
  0.281190E+02   0.100000E-29   0.100291E-19   0.100000E-29   0.100000E-29
  0.304089E+02   0.100000E-29   0.119968E-19   0.100000E-29   0.100000E-29
  0.328852E+02   0.100000E-29   0.121504E-19   0.100000E-29   0.100000E-29
  0.355631E+02   0.100000E-29   0.102561E-19   0.100000E-29   0.100000E-29
  0.384592E+02   0.100000E-29   0.114302E-19   0.100000E-29   0.100000E-29
  0.415911E+02   0.100000E-29   0.122539E-19   0.100000E-29   0.100000E-29
  0.449780E+02   0.100000E-29   0.135447E-19   0.100000E-29   0.100000E-29
  0.486407E+02   0.100000E-29   0.986808E-20   0.100000E-29   0.100000E-29
  0.526017E+02   0.100000E-29   0.105578E-19   0.100000E-29   0.100000E-29
  0.568853E+02   0.100000E-29   0.113879E-19   0.100000E-29   0.100000E-29
  0.615177E+02   0.100000E-29   0.917590E-20   0.100000E-29   0.100000E-29
  0.665273E+02   0.100000E-29   0.897763E-20   0.100000E-29   0.100000E-29
  0.719449E+02   0.100000E-29   0.927484E-20   0.100000E-29   0.100000E-29
  0.778037E+02   0.100000E-29   0.898175E-20   0.100000E-29   0.100000E-29
  0.841395E+02   0.100000E-29   0.969516E-20   0.100000E-29   0.100000E-29
  0.909913E+02   0.100000E-29   0.991786E-20   0.100000E-29   0.100000E-29
  0.984011E+02   0.100000E-29   0.974066E-20   0.100000E-29   0.100000E-29
  0.106414E+03   0.100000E-29   0.964113E-20   0.100000E-29   0.100000E-29
  0.115080E+03   0.100000E-29   0.971233E-20   0.100000E-29   0.100000E-29
  0.124451E+03   0.100000E-29   0.962035E-20   0.100000E-29   0.100000E-29
  0.134586E+03   0.100000E-29   0.958480E-20   0.100000E-29   0.100000E-29
  0.145546E+03   0.100000E-29   0.963703E-20   0.100000E-29   0.100000E-29
  0.157398E+03   0.100000E-29   0.962705E-20   0.100000E-29   0.100000E-29
  0.170216E+03   0.100000E-29   0.632403E-20   0.100000E-29   0.100000E-29
  0.184077E+03   0.100000E-29   0.567413E-20   0.100000E-29   0.100000E-29
  0.199067E+03   0.100000E-29   0.513569E-20   0.100000E-29   0.100000E-29
  0.215278E+03   0.100000E-29   0.479831E-20   0.100000E-29   0.100000E-29
  0.232809E+03   0.100000E-29   0.455733E-20   0.100000E-29   0.100000E-29
  0.251768E+03   0.100000E-29   0.424320E-20   0.100000E-29   0.100000E-29
  0.272270E+03   0.100000E-29   0.394635E-20   0.100000E-29   0.100000E-29
  0.294442E+03   0.100000E-29   0.372874E-20   0.100000E-29   0.100000E-29
  0.318420E+03   0.100000E-29   0.344687E-20   0.100000E-29   0.100000E-29
  0.344350E+03   0.100000E-29   0.319075E-20   0.100000E-29   0.100000E-29
  0.372392E+03   0.100000E-29   0.299358E-20   0.100000E-29   0.100000E-29
  0.402717E+03   0.100000E-29   0.276293E-20   0.100000E-29   0.100000E-29
  0.435512E+03   0.100000E-29   0.254672E-20   0.100000E-29   0.100000E-29
  0.470977E+03   0.100000E-29   0.238818E-20   0.100000E-29   0.100000E-29
  0.509331E+03   0.100000E-29   0.219511E-20   0.100000E-29   0.100000E-29
  0.550808E+03   0.100000E-29   0.201726E-20   0.100000E-29   0.100000E-29
  0.595662E+03   0.100000E-29   0.188701E-20   0.100000E-29   0.100000E-29
  0.644169E+03   0.100000E-29   0.173296E-20   0.100000E-29   0.100000E-29
  0.696627E+03   0.100000E-29   0.159151E-20   0.100000E-29   0.100000E-29
  0.753356E+03   0.100000E-29   0.148792E-20   0.100000E-29   0.100000E-29
  0.814704E+03   0.100000E-29   0.136375E-20   0.100000E-29   0.100000E-29
  0.881049E+03   0.100000E-29   0.125004E-20   0.100000E-29   0.100000E-29
  0.952796E+03   0.100000E-29   0.116859E-20   0.100000E-29   0.100000E-29
  0.103039E+04   0.100000E-29   0.106912E-20   0.100000E-29   0.100000E-29
  0.111429E+04   0.100000E-29   0.979799E-21   0.100000E-29   0.100000E-29
  0.120504E+04   0.100000E-29   0.914239E-21   0.100000E-29   0.100000E-29
  0.130317E+04   0.100000E-29   0.835537E-21   0.100000E-29   0.100000E-29
  0.140929E+04   0.100000E-29   0.777112E-21   0.100000E-29   0.100000E-29
  0.152405E+04   0.100000E-29   0.708812E-21   0.100000E-29   0.100000E-29
  0.164816E+04   0.100000E-29   0.641564E-21   0.100000E-29   0.100000E-29
  0.178238E+04   0.100000E-29   0.589143E-21   0.100000E-29   0.100000E-29
  0.192752E+04   0.100000E-29   0.528279E-21   0.100000E-29   0.100000E-29
  0.208449E+04   0.100000E-29   0.468515E-21   0.100000E-29   0.100000E-29
  0.225424E+04   0.100000E-29   0.419511E-21   0.100000E-29   0.100000E-29
  0.243781E+04   0.100000E-29   0.362675E-21   0.100000E-29   0.100000E-29
  0.263633E+04   0.100000E-29   0.307513E-21   0.100000E-29   0.100000E-29
  0.285102E+04   0.100000E-29   0.264431E-21   0.100000E-29   0.100000E-29
  0.308319E+04   0.100000E-29   0.222234E-21   0.100000E-29   0.100000E-29
  0.333426E+04   0.100000E-29   0.186655E-21   0.100000E-29   0.100000E-29
  0.360579E+04   0.100000E-29   0.160337E-21   0.100000E-29   0.100000E-29
  0.389942E+04   0.100000E-29   0.134293E-21   0.100000E-29   0.100000E-29
  0.421697E+04   0.100000E-29   0.112496E-21   0.100000E-29   0.100000E-29
  0.456037E+04   0.100000E-29   0.962798E-22   0.100000E-29   0.100000E-29
  0.493174E+04   0.100000E-29   0.805638E-22   0.100000E-29   0.100000E-29
  0.533335E+04   0.100000E-29   0.672167E-22   0.100000E-29   0.100000E-29
  0.576766E+04   0.100000E-29   0.574156E-22   0.100000E-29   0.100000E-29
  0.623735E+04   0.100000E-29   0.478402E-22   0.100000E-29   0.100000E-29
  0.674528E+04   0.100000E-29   0.398596E-22   0.100000E-29   0.100000E-29
  0.729458E+04   0.100000E-29   0.338998E-22   0.100000E-29   0.100000E-29
  0.788860E+04   0.100000E-29   0.281437E-22   0.100000E-29   0.100000E-29
  0.853100E+04   0.100000E-29   0.233357E-22   0.100000E-29   0.100000E-29
  0.922571E+04   0.100000E-29   0.197943E-22   0.100000E-29   0.100000E-29
  0.997700E+04   0.100000E-29   0.163533E-22   0.100000E-29   0.100000E-29
  0.107895E+05   0.100000E-29   0.135363E-22   0.100000E-29   0.100000E-29
  0.116681E+05   0.100000E-29   0.114169E-22   0.100000E-29   0.100000E-29
  0.126183E+05   0.100000E-29   0.939561E-23   0.100000E-29   0.100000E-29
  0.136458E+05   0.100000E-29   0.773716E-23   0.100000E-29   0.100000E-29
  0.147571E+05   0.100000E-29   0.650611E-23   0.100000E-29   0.100000E-29
  0.159588E+05   0.100000E-29   0.533171E-23   0.100000E-29   0.100000E-29
  0.172584E+05   0.100000E-29   0.437268E-23   0.100000E-29   0.100000E-29
  0.186638E+05   0.100000E-29   0.366326E-23   0.100000E-29   0.100000E-29
  0.201837E+05   0.100000E-29   0.299353E-23   0.100000E-29   0.100000E-29
  0.218273E+05   0.100000E-29   0.244586E-23   0.100000E-29   0.100000E-29
  0.236048E+05   0.100000E-29   0.204192E-23   0.100000E-29   0.100000E-29
  0.255270E+05   0.100000E-29   0.166254E-23   0.100000E-29   0.100000E-29
  0.276058E+05   0.100000E-29   0.135195E-23   0.100000E-29   0.100000E-29
  0.298538E+05   0.100000E-29   0.112627E-23   0.100000E-29   0.100000E-29
  0.322849E+05   0.100000E-29   0.912942E-24   0.100000E-29   0.100000E-29
  0.349140E+05   0.100000E-29   0.739959E-24   0.100000E-29   0.100000E-29
  0.377572E+05   0.100000E-29   0.613843E-24   0.100000E-29   0.100000E-29
  0.408319E+05   0.100000E-29   0.496052E-24   0.100000E-29   0.100000E-29
  0.441570E+05   0.100000E-29   0.411224E-24   0.100000E-29   0.100000E-29
  0.477529E+05   0.100000E-29   0.331978E-24   0.100000E-29   0.100000E-29
  0.516416E+05   0.100000E-29   0.268439E-24   0.100000E-29   0.100000E-29
  0.558470E+05   0.100000E-29   0.216572E-24   0.100000E-29   0.100000E-29
  0.603949E+05   0.100000E-29   0.178542E-24   0.100000E-29   0.100000E-29
  0.653131E+05   0.100000E-29   0.143521E-24   0.100000E-29   0.100000E-29
  0.706318E+05   0.100000E-29   0.115657E-24   0.100000E-29   0.100000E-29
  0.763836E+05   0.100000E-29   0.952337E-25   0.100000E-29   0.100000E-29
  0.826038E+05   0.100000E-29   0.763861E-25   0.100000E-29   0.100000E-29
  0.893305E+05   0.100000E-29   0.628888E-25   0.100000E-29   0.100000E-29
  0.966051E+05   0.100000E-29   0.504325E-25   0.100000E-29   0.100000E-29
  0.104472E+06   0.100000E-29   0.404086E-25   0.100000E-29   0.100000E-29
  0.112980E+06   0.100000E-29   0.332122E-25   0.100000E-29   0.100000E-29
  0.122180E+06   0.100000E-29   0.265548E-25   0.100000E-29   0.100000E-29
  0.132130E+06   0.100000E-29   0.212403E-25   0.100000E-29   0.100000E-29
  0.142889E+06   0.100000E-29   0.174290E-25   0.100000E-29   0.100000E-29
  0.154525E+06   0.100000E-29   0.139137E-25   0.100000E-29   0.100000E-29
  0.167109E+06   0.100000E-29   0.111251E-25   0.100000E-29   0.100000E-29
  0.180717E+06   0.100000E-29   0.910695E-26   0.100000E-29   0.100000E-29
  0.195434E+06   0.100000E-29   0.726761E-26   0.100000E-29   0.100000E-29
  0.211349E+06   0.100000E-29   0.579673E-26   0.100000E-29   0.100000E-29
  0.228560E+06   0.100000E-29   0.474391E-26   0.100000E-29   0.100000E-29
  0.247172E+06   0.100000E-29   0.378171E-26   0.100000E-29   0.100000E-29
  0.267301E+06   0.100000E-29   0.301228E-26   0.100000E-29   0.100000E-29
  0.289068E+06   0.100000E-29   0.246030E-26   0.100000E-29   0.100000E-29
  0.312608E+06   0.100000E-29   0.195883E-26   0.100000E-29   0.100000E-29
  0.338065E+06   0.100000E-29   0.156062E-26   0.100000E-29   0.100000E-29
  0.365595E+06   0.100000E-29   0.127327E-26   0.100000E-29   0.100000E-29
  0.395367E+06   0.100000E-29   0.101165E-26   0.100000E-29   0.100000E-29
  0.427563E+06   0.100000E-29   0.805220E-27   0.100000E-29   0.100000E-29
  0.462381E+06   0.100000E-29   0.657938E-27   0.100000E-29   0.100000E-29
  0.500035E+06   0.100000E-29   0.522384E-27   0.100000E-29   0.100000E-29
  0.540754E+06   0.100000E-29   0.414005E-27   0.100000E-29   0.100000E-29
  0.584790E+06   0.100000E-29   0.337998E-27   0.100000E-29   0.100000E-29
  0.632412E+06   0.100000E-29   0.268453E-27   0.100000E-29   0.100000E-29
  0.683912E+06   0.100000E-29   0.213095E-27   0.100000E-29   0.100000E-29
  0.739605E+06   0.100000E-29   0.173464E-27   0.100000E-29   0.100000E-29
  0.799834E+06   0.100000E-29   0.137836E-27   0.100000E-29   0.100000E-29
  0.864968E+06   0.100000E-29   0.109347E-27   0.100000E-29   0.100000E-29
  0.935406E+06   0.100000E-29   0.889617E-28   0.100000E-29   0.100000E-29
  0.101158E+07   0.100000E-29   0.704840E-28   0.100000E-29   0.100000E-29
  0.109396E+07   0.100000E-29   0.559437E-28   0.100000E-29   0.100000E-29
  0.118304E+07   0.100000E-29   0.454915E-28   0.100000E-29   0.100000E-29
  0.127938E+07   0.100000E-29   0.360651E-28   0.100000E-29   0.100000E-29
  0.138357E+07   0.100000E-29   0.281194E-28   0.100000E-29   0.100000E-29
  0.149624E+07   0.100000E-29   0.222882E-28   0.100000E-29   0.100000E-29
  0.161808E+07   0.100000E-29   0.170052E-28   0.100000E-29   0.100000E-29
  0.174985E+07   0.100000E-29   0.126819E-28   0.100000E-29   0.100000E-29
  0.189234E+07   0.100000E-29   0.943554E-29   0.100000E-29   0.100000E-29
  0.204644E+07   0.100000E-29   0.639458E-29   0.100000E-29   0.100000E-29
  0.221309E+07   0.100000E-29   0.399548E-29   0.100000E-29   0.100000E-29
  0.239332E+07   0.100000E-29   0.169668E-29   0.100000E-29   0.100000E-29
  0.258821E+07   0.100000E-29   0.100000E-29   0.100000E-29   0.100000E-29
  0.279898E+07   0.100000E-29   0.100000E-29   0.100000E-29   0.100000E-29
  0.302691E+07   0.100000E-29   0.100000E-29   0.100000E-29   0.100000E-29
  0.327341E+07   0.100000E-29   0.100000E-29   0.100000E-29   0.100000E-29
  0.353997E+07   0.100000E-29   0.100000E-29   0.100000E-29   0.100000E-29
  0.382825E+07   0.100000E-29   0.100000E-29   0.100000E-29   0.100000E-29
  0.414000E+07   0.100000E-29   0.100000E-29   0.100000E-29   0.100000E-29
  0.447713E+07   0.100000E-29   0.100000E-29   0.100000E-29   0.100000E-29
  0.484172E+07   0.100000E-29   0.100000E-29   0.100000E-29   0.100000E-29
  0.523600E+07   0.100000E-29   0.100000E-29   0.100000E-29   0.100000E-29
  0.566239E+07   0.100000E-29   0.100000E-29   0.100000E-29   0.100000E-29
  0.612350E+07   0.100000E-29   0.100000E-29   0.100000E-29   0.100000E-29
  0.662217E+07   0.100000E-29   0.100000E-29   0.100000E-29   0.100000E-29
  0.716143E+07   0.100000E-29   0.100000E-29   0.100000E-29   0.100000E-29
  0.774462E+07   0.100000E-29   0.100000E-29   0.100000E-29   0.100000E-29
  0.837529E+07   0.100000E-29   0.100000E-29   0.100000E-29   0.100000E-29
  0.905733E+07   0.100000E-29   0.100000E-29   0.100000E-29   0.100000E-29
  0.979490E+07   0.100000E-29   0.100000E-29   0.100000E-29   0.100000E-29
  0.105925E+08   0.100000E-29   0.100000E-29   0.100000E-29   0.100000E-29
  0.114551E+08   0.100000E-29   0.100000E-29   0.100000E-29   0.100000E-29
  0.123880E+08   0.100000E-29   0.100000E-29   0.100000E-29   0.100000E-29
  0.133968E+08   0.100000E-29   0.100000E-29   0.100000E-29   0.100000E-29
  0.144877E+08   0.100000E-29   0.100000E-29   0.100000E-29   0.100000E-29
  0.156675E+08   0.100000E-29   0.100000E-29   0.100000E-29   0.100000E-29
  0.169434E+08   0.100000E-29   0.100000E-29   0.100000E-29   0.100000E-29
  0.183231E+08   0.100000E-29   0.100000E-29   0.100000E-29   0.100000E-29
  0.198153E+08   0.100000E-29   0.100000E-29   0.100000E-29   0.100000E-29
  0.214289E+08   0.100000E-29   0.100000E-29   0.100000E-29   0.100000E-29
  0.231739E+08   0.100000E-29   0.100000E-29   0.100000E-29   0.100000E-29
  0.250611E+08   0.100000E-29   0.100000E-29   0.100000E-29   0.100000E-29
  0.271019E+08   0.100000E-29   0.100000E-29   0.100000E-29   0.100000E-29
  0.293089E+08   0.100000E-29   0.100000E-29   0.100000E-29   0.100000E-29
  0.316957E+08   0.100000E-29   0.100000E-29   0.100000E-29   0.100000E-29
  0.342768E+08   0.100000E-29   0.100000E-29   0.100000E-29   0.100000E-29
  0.370681E+08   0.100000E-29   0.100000E-29   0.100000E-29   0.100000E-29
  0.400867E+08   0.100000E-29   0.100000E-29   0.100000E-29   0.100000E-29
  0.433511E+08   0.100000E-29   0.100000E-29   0.100000E-29   0.100000E-29
  0.468813E+08   0.100000E-29   0.100000E-29   0.100000E-29   0.100000E-29
  0.506991E+08   0.100000E-29   0.100000E-29   0.100000E-29   0.100000E-29
  0.548277E+08   0.100000E-29   0.100000E-29   0.100000E-29   0.100000E-29
  0.592925E+08   0.100000E-29   0.100000E-29   0.100000E-29   0.100000E-29
  0.641210E+08   0.100000E-29   0.100000E-29   0.100000E-29   0.100000E-29
  0.693426E+08   0.100000E-29   0.100000E-29   0.100000E-29   0.100000E-29
  0.749894E+08   0.100000E-29   0.100000E-29   0.100000E-29   0.100000E-29
  0.810961E+08   0.100000E-29   0.100000E-29   0.100000E-29   0.100000E-29
  0.877001E+08   0.100000E-29   0.100000E-29   0.100000E-29   0.100000E-29
  0.948418E+08   0.100000E-29   0.100000E-29   0.100000E-29   0.100000E-29
  0.102565E+09   0.100000E-29   0.100000E-29   0.100000E-29   0.100000E-29
  0.110917E+09   0.100000E-29   0.100000E-29   0.100000E-29   0.100000E-29
  0.119950E+09   0.100000E-29   0.100000E-29   0.100000E-29   0.100000E-29
  0.129718E+09   0.100000E-29   0.100000E-29   0.100000E-29   0.100000E-29
  0.140281E+09   0.100000E-29   0.100000E-29   0.100000E-29   0.100000E-29
  0.151705E+09   0.100000E-29   0.100000E-29   0.100000E-29   0.100000E-29
  0.164059E+09   0.100000E-29   0.100000E-29   0.100000E-29   0.100000E-29
  0.177419E+09   0.100000E-29   0.100000E-29   0.100000E-29   0.100000E-29
  0.191867E+09   0.100000E-29   0.100000E-29   0.100000E-29   0.100000E-29
  0.207491E+09   0.100000E-29   0.100000E-29   0.100000E-29   0.100000E-29
  0.224388E+09   0.100000E-29   0.100000E-29   0.100000E-29   0.100000E-29
  0.242661E+09   0.100000E-29   0.100000E-29   0.100000E-29   0.100000E-29
  0.262422E+09   0.100000E-29   0.100000E-29   0.100000E-29   0.100000E-29
  0.283792E+09   0.100000E-29   0.100000E-29   0.100000E-29   0.100000E-29
  0.306902E+09   0.100000E-29   0.100000E-29   0.100000E-29   0.100000E-29
  0.331894E+09   0.100000E-29   0.100000E-29   0.100000E-29   0.100000E-29
  0.358922E+09   0.100000E-29   0.100000E-29   0.100000E-29   0.100000E-29
  0.388150E+09   0.100000E-29   0.100000E-29   0.100000E-29   0.100000E-29
  0.419759E+09   0.100000E-29   0.100000E-29   0.100000E-29   0.100000E-29
  0.453942E+09   0.100000E-29   0.100000E-29   0.100000E-29   0.100000E-29
  0.490908E+09   0.100000E-29   0.100000E-29   0.100000E-29   0.100000E-29
  0.530884E+09   0.100000E-29   0.100000E-29   0.100000E-29   0.100000E-29
  0.574116E+09   0.100000E-29   0.100000E-29   0.100000E-29   0.100000E-29
  0.620869E+09   0.100000E-29   0.100000E-29   0.100000E-29   0.100000E-29
  0.671429E+09   0.100000E-29   0.100000E-29   0.100000E-29   0.100000E-29
  0.726106E+09   0.100000E-29   0.100000E-29   0.100000E-29   0.100000E-29
  0.785236E+09   0.100000E-29   0.100000E-29   0.100000E-29   0.100000E-29
  0.849180E+09   0.100000E-29   0.100000E-29   0.100000E-29   0.100000E-29
  0.918333E+09   0.100000E-29   0.100000E-29   0.100000E-29   0.100000E-29
  0.993116E+09   0.100000E-29   0.100000E-29   0.100000E-29   0.100000E-29
  0.107399E+10   0.100000E-29   0.100000E-29   0.100000E-29   0.100000E-29
  0.116145E+10   0.100000E-29   0.100000E-29   0.100000E-29   0.100000E-29
  0.125603E+10   0.100000E-29   0.100000E-29   0.100000E-29   0.100000E-29
  0.135831E+10   0.100000E-29   0.100000E-29   0.100000E-29   0.100000E-29
  0.146893E+10   0.100000E-29   0.100000E-29   0.100000E-29   0.100000E-29
  0.158855E+10   0.100000E-29   0.100000E-29   0.100000E-29   0.100000E-29
  0.171791E+10   0.100000E-29   0.100000E-29   0.100000E-29   0.100000E-29
  0.185780E+10   0.100000E-29   0.100000E-29   0.100000E-29   0.100000E-29
  0.200909E+10   0.100000E-29   0.100000E-29   0.100000E-29   0.100000E-29
  0.217270E+10   0.100000E-29   0.100000E-29   0.100000E-29   0.100000E-29
  0.234963E+10   0.100000E-29   0.100000E-29   0.100000E-29   0.100000E-29
  0.254097E+10   0.100000E-29   0.100000E-29   0.100000E-29   0.100000E-29
  0.274789E+10   0.100000E-29   0.100000E-29   0.100000E-29   0.100000E-29
  0.297167E+10   0.100000E-29   0.100000E-29   0.100000E-29   0.100000E-29
  0.321366E+10   0.100000E-29   0.100000E-29   0.100000E-29   0.100000E-29
  0.347536E+10   0.100000E-29   0.100000E-29   0.100000E-29   0.100000E-29
  0.375837E+10   0.100000E-29   0.100000E-29   0.100000E-29   0.100000E-29
  0.406443E+10   0.100000E-29   0.100000E-29   0.100000E-29   0.100000E-29
  0.439542E+10   0.100000E-29   0.100000E-29   0.100000E-29   0.100000E-29
  0.475335E+10   0.100000E-29   0.100000E-29   0.100000E-29   0.100000E-29
  0.514044E+10   0.100000E-29   0.100000E-29   0.100000E-29   0.100000E-29
  0.555904E+10   0.100000E-29   0.100000E-29   0.100000E-29   0.100000E-29
  0.601174E+10   0.100000E-29   0.100000E-29   0.100000E-29   0.100000E-29
  0.650130E+10   0.100000E-29   0.100000E-29   0.100000E-29   0.100000E-29
  0.703072E+10   0.100000E-29   0.100000E-29   0.100000E-29   0.100000E-29
  0.760326E+10   0.100000E-29   0.100000E-29   0.100000E-29   0.100000E-29
  0.822243E+10   0.100000E-29   0.100000E-29   0.100000E-29   0.100000E-29
  0.889201E+10   0.100000E-29   0.100000E-29   0.100000E-29   0.100000E-29
  0.961612E+10   0.100000E-29   0.100000E-29   0.100000E-29   0.100000E-29
