  0.103992E-06   0.331516E+39  NaN             0.200886E+26   0.107223E+20
  0.112460E-06   0.387707E+39  NaN             0.234905E+26   0.125397E+20
  0.121619E-06   0.453422E+39  NaN             0.274683E+26   0.146652E+20
  0.131522E-06   0.530276E+39  NaN             0.321194E+26   0.171509E+20
  0.142233E-06   0.620156E+39  NaN             0.375574E+26   0.200580E+20
  0.153815E-06   0.725271E+39  NaN             0.439157E+26   0.234578E+20
  0.166341E-06   0.848202E+39  NaN             0.513496E+26   0.274338E+20
  0.179887E-06   0.991969E+39  NaN             0.600409E+26   0.320837E+20
  0.194536E-06   0.116010E+40  NaN             0.702021E+26   0.375218E+20
  0.210378E-06   0.135674E+40  NaN             0.820815E+26   0.438817E+20
  0.227510E-06   0.158670E+40  NaN             0.959693E+26   0.513195E+20
  0.246037E-06   0.185564E+40  NaN             0.112204E+27   0.600180E+20
  0.266073E-06   0.217016E+40  NaN             0.131183E+27   0.701908E+20
  0.287740E-06   0.253799E+40  NaN             0.153368E+27   0.820879E+20
  0.311172E-06   0.296816E+40  NaN             0.179299E+27   0.960015E+20
  0.336512E-06   0.347125E+40  NaN             0.209610E+27   0.112273E+21
  0.363915E-06   0.405960E+40  NaN             0.245036E+27   0.131303E+21
  0.393550E-06   0.474767E+40  NaN             0.286440E+27   0.153558E+21
  0.425598E-06   0.555237E+40  NaN             0.334828E+27   0.179586E+21
  0.460257E-06   0.649345E+40  NaN             0.391374E+27   0.210024E+21
  0.497737E-06   0.759403E+40  NaN             0.457451E+27   0.245622E+21
  0.538270E-06   0.888115E+40  NaN             0.534658E+27   0.287254E+21
  0.582103E-06   0.103864E+41  NaN             0.624864E+27   0.335941E+21
  0.629506E-06   0.121468E+41  NaN             0.730250E+27   0.392881E+21
  0.680769E-06   0.142055E+41  NaN             0.853359E+27   0.459471E+21
  0.736207E-06   0.166132E+41  NaN             0.997158E+27   0.537347E+21
  0.796159E-06   0.194289E+41  NaN             0.116511E+28   0.628423E+21
  0.860994E-06   0.227218E+41  NaN             0.136125E+28   0.734934E+21
  0.931108E-06   0.265728E+41  NaN             0.159027E+28   0.859498E+21
  0.100693E-05   0.310764E+41  NaN             0.185767E+28   0.100517E+22
  0.108893E-05   0.363433E+41  NaN             0.216982E+28   0.117554E+22
  0.117761E-05   0.425028E+41  NaN             0.253416E+28   0.137477E+22
  0.127350E-05   0.497061E+41  NaN             0.295936E+28   0.160778E+22
  0.137721E-05   0.581302E+41  NaN             0.345547E+28   0.188027E+22
  0.148936E-05   0.679818E+41  NaN             0.403424E+28   0.219895E+22
  0.161065E-05   0.795028E+41  NaN             0.470928E+28   0.257163E+22
  0.174181E-05   0.929762E+41  NaN             0.549643E+28   0.300747E+22
  0.188365E-05   0.108733E+42  NaN             0.641409E+28   0.351717E+22
  0.203704E-05   0.127159E+42  NaN             0.748362E+28   0.411325E+22
  0.220293E-05   0.148708E+42  NaN             0.872980E+28   0.481035E+22
  0.238232E-05   0.173908E+42  NaN             0.101814E+29   0.562558E+22
  0.257632E-05   0.203378E+42  NaN             0.118716E+29   0.657895E+22
  0.278612E-05   0.237841E+42  NaN             0.138390E+29   0.769388E+22
  0.301301E-05   0.278144E+42  NaN             0.161281E+29   0.899774E+22
  0.325837E-05   0.325274E+42  NaN             0.187904E+29   0.105225E+23
  0.352371E-05   0.380389E+42  NaN             0.218854E+29   0.123057E+23
  0.381066E-05   0.444841E+42  NaN             0.254814E+29   0.143910E+23
  0.412098E-05   0.520211E+42  NaN             0.296574E+29   0.168296E+23
  0.445656E-05   0.608349E+42  NaN             0.345039E+29   0.196814E+23
  0.481948E-05   0.711415E+42  NaN             0.401249E+29   0.230164E+23
  0.521195E-05   0.831939E+42  NaN             0.466398E+29   0.269163E+23
  0.563638E-05   0.972875E+42  NaN             0.541846E+29   0.314770E+23
  0.609537E-05   0.113768E+43  NaN             0.629150E+29   0.368102E+23
  0.659174E-05   0.133039E+43  NaN             0.730080E+29   0.430469E+23
  0.712853E-05   0.155574E+43  NaN             0.846645E+29   0.503400E+23
  0.770903E-05   0.181924E+43  NaN             0.981123E+29   0.588683E+23
  0.833681E-05   0.212735E+43  NaN             0.113608E+30   0.688411E+23
  0.901571E-05   0.248762E+43  NaN             0.131440E+30   0.805029E+23
  0.974990E-05   0.290887E+43  NaN             0.151931E+30   0.941396E+23
  0.105439E-04   0.340142E+43  NaN             0.175442E+30   0.110085E+24
  0.114025E-04   0.397733E+43  NaN             0.202371E+30   0.128731E+24
  0.123310E-04   0.465068E+43  NaN             0.233156E+30   0.150534E+24
  0.133352E-04   0.543795E+43  NaN             0.268277E+30   0.176027E+24
  0.144212E-04   0.635839E+43  NaN             0.308254E+30   0.205836E+24
  0.155955E-04   0.743450E+43  NaN             0.353642E+30   0.240691E+24
  0.168655E-04   0.869259E+43  NaN             0.405030E+30   0.281443E+24
  0.182390E-04   0.101634E+44  NaN             0.463034E+30   0.329092E+24
  0.197242E-04   0.118828E+44  NaN             0.528279E+30   0.384803E+24
  0.213304E-04   0.138927E+44  NaN             0.601392E+30   0.449937E+24
  0.230675E-04   0.162423E+44  NaN             0.682973E+30   0.526088E+24
  0.249459E-04   0.189887E+44  NaN             0.773569E+30   0.615117E+24
  0.269774E-04   0.221989E+44  NaN             0.873642E+30   0.719199E+24
  0.291743E-04   0.259510E+44  NaN             0.983519E+30   0.840875E+24
  0.315500E-04   0.303362E+44  NaN             0.110334E+31   0.983114E+24
  0.341193E-04   0.354612E+44  NaN             0.123299E+31   0.114939E+25
  0.368978E-04   0.414503E+44  NaN             0.137204E+31   0.134375E+25
  0.399025E-04   0.484490E+44  NaN             0.151965E+31   0.157093E+25
  0.431519E-04   0.566267E+44  NaN             0.167448E+31   0.183646E+25
  0.466659E-04   0.661815E+44  NaN             0.183460E+31   0.214681E+25
  0.504661E-04   0.773444E+44  NaN             0.199745E+31   0.250951E+25
  0.545758E-04   0.903848E+44  NaN             0.215971E+31   0.293338E+25
  0.590201E-04   0.105617E+45  NaN             0.231729E+31   0.342871E+25
  0.638263E-04   0.123409E+45  NaN             0.246537E+31   0.400749E+25
  0.690240E-04   0.144186E+45  NaN             0.259842E+31   0.468374E+25
  0.746449E-04   0.168449E+45  NaN             0.271039E+31   0.547383E+25
  0.807235E-04   0.196777E+45  NaN             0.279494E+31   0.639683E+25
  0.872971E-04   0.229848E+45  NaN             0.284582E+31   0.747500E+25
  0.944061E-04   0.268449E+45  NaN             0.285733E+31   0.873433E+25
  0.102094E-03   0.313500E+45  NaN             0.282491E+31   0.102051E+26
  0.110408E-03   0.366067E+45  NaN             0.274568E+31   0.119225E+26
  0.119399E-03   0.427395E+45  NaN             0.261908E+31   0.139279E+26
  0.129122E-03   0.498928E+45  NaN             0.244734E+31   0.162690E+26
  0.139637E-03   0.582346E+45  NaN             0.223569E+31   0.190018E+26
  0.151008E-03   0.679601E+45  NaN             0.199232E+31   0.221913E+26
  0.163305E-03   0.792959E+45  NaN             0.172795E+31   0.259132E+26
  0.176604E-03   0.925049E+45  NaN             0.145494E+31   0.302554E+26
  0.190985E-03   0.107892E+46  NaN             0.118617E+31   0.353205E+26
  0.206538E-03   0.125811E+46  NaN             0.933696E+30   0.412276E+26
  0.223357E-03   0.146670E+46  NaN             0.707455E+30   0.481148E+26
  0.241546E-03   0.170942E+46  NaN             0.514302E+30   0.561430E+26
  0.261216E-03   0.199175E+46  NaN             0.357479E+30   0.654985E+26
  0.282488E-03   0.232000E+46  NaN             0.236688E+30   0.763976E+26
  0.305492E-03   0.270144E+46  NaN             0.148680E+30   0.890908E+26
  0.330370E-03   0.314445E+46  NaN             0.882271E+29   0.103868E+27
  0.357273E-03   0.365868E+46  NaN             0.492266E+29   0.121066E+27
  0.386367E-03   0.425520E+46  NaN             0.256958E+29   0.141072E+27
  0.417830E-03   0.494669E+46  NaN             0.124804E+29   0.164334E+27
  0.451856E-03   0.574766E+46  NaN             0.560728E+28   0.191370E+27
  0.488652E-03   0.667469E+46  NaN             0.231565E+28   0.222774E+27
  0.528445E-03   0.774666E+46  NaN             0.872991E+27   0.259232E+27
  0.571479E-03   0.898501E+46  NaN             0.298222E+27   0.301531E+27
  0.618016E-03   0.104141E+47  NaN             0.915752E+26   0.350574E+27
  0.668344E-03   0.120612E+47  NaN             0.250584E+26   0.407393E+27
  0.722770E-03   0.139574E+47  NaN             0.605326E+25   0.473168E+27
  0.781628E-03   0.161372E+47  NaN             0.127784E+25   0.549245E+27
  0.845279E-03   0.186391E+47  NaN             0.233157E+24   0.637154E+27
  0.914113E-03   0.215060E+47  NaN             0.363370E+23   0.738626E+27
  0.988553E-03   0.247851E+47  NaN             0.477531E+22   0.855624E+27
  0.106905E-02   0.285281E+47  NaN             0.521886E+21   0.990353E+27
  0.115611E-02   0.327910E+47  NaN             0.467252E+20   0.114529E+28
  0.125026E-02   0.376341E+47  NaN             0.337190E+19   0.132320E+28
  0.135207E-02   0.431214E+47  NaN             0.192718E+18   0.152715E+28
  0.146218E-02   0.493201E+47  NaN             0.855941E+16   0.176054E+28
  0.158125E-02   0.562989E+47  NaN             0.289415E+15   0.202708E+28
  0.171002E-02   0.641269E+47  NaN             0.728636E+13   0.233083E+28
  0.184927E-02   0.728711E+47  NaN             0.133346E+12   0.267615E+28
  0.199986E-02   0.825937E+47  NaN             0.172841E+10   0.306768E+28
  0.216272E-02   0.933483E+47  NaN             0.154283E+08   0.351032E+28
  0.233884E-02   0.105175E+48  NaN             0.920015E+05   0.400910E+28
  0.252930E-02   0.118095E+48  NaN             0.354662E+03   0.456913E+28
  0.273527E-02   0.132103E+48  NaN             0.852999E+00   0.519540E+28
  0.295801E-02   0.147162E+48  NaN             0.123172E-02   0.589260E+28
  0.319890E-02   0.163191E+48  NaN             0.102438E-05   0.666486E+28
  0.345939E-02   0.180057E+48  NaN             0.469118E-09   0.751543E+28
  0.374111E-02   0.197565E+48  NaN             0.112687E-12   0.844627E+28
  0.404576E-02   0.215451E+48  NaN             0.134716E-16   0.945756E+28
  0.437522E-02   0.233370E+48  NaN             0.757243E-21   0.105472E+29
  0.473151E-02   0.250895E+48  NaN             0.188207E-25   0.117101E+29
  0.511682E-02   0.267513E+48  NaN             0.100000E-29   0.129375E+29
  0.553350E-02   0.282634E+48  NaN             0.100000E-29   0.142164E+29
  0.598412E-02   0.295603E+48  NaN             0.100000E-29   0.155285E+29
  0.647143E-02   0.305728E+48  NaN             0.100000E-29   0.168502E+29
  0.699842E-02   0.312314E+48  NaN             0.100000E-29   0.181514E+29
  0.756833E-02   0.314712E+48  NaN             0.100000E-29   0.193960E+29
  0.818465E-02   0.312383E+48  NaN             0.100000E-29   0.205419E+29
  0.885116E-02   0.304958E+48  NaN             0.100000E-29   0.215421E+29
  0.957194E-02   0.292307E+48  NaN             0.100000E-29   0.223459E+29
  0.103514E-01   0.274593E+48  NaN             0.100000E-29   0.229019E+29
  0.111944E-01   0.252311E+48  NaN             0.100000E-29   0.231613E+29
  0.121060E-01   0.226284E+48  NaN             0.100000E-29   0.230816E+29
  0.130918E-01   0.197630E+48  NaN             0.100000E-29   0.226321E+29
  0.141579E-01   0.167675E+48  NaN             0.100000E-29   0.217982E+29
  0.153109E-01   0.137838E+48  NaN             0.100000E-29   0.205863E+29
  0.165577E-01   0.109480E+48  NaN             0.100000E-29   0.190264E+29
  0.179061E-01   0.837678E+47  NaN             0.100000E-29   0.171730E+29
  0.193642E-01   0.615464E+47  NaN             0.100000E-29   0.151035E+29
  0.209411E-01   0.432742E+47  NaN             0.100000E-29   0.129123E+29
  0.226464E-01   0.290109E+47  NaN             0.100000E-29   0.107030E+29
  0.244906E-01   0.184710E+47  NaN             0.100000E-29   0.857821E+28
  0.264850E-01   0.111217E+47  NaN             0.100000E-29   0.662823E+28
  0.286418E-01   0.630404E+46  NaN             0.100000E-29   0.492205E+28
  0.309742E-01   0.334727E+46  NaN             0.100000E-29   0.350093E+28
  0.334965E-01   0.165604E+46  NaN             0.100000E-29   0.237653E+28
  0.362243E-01   0.759031E+45  NaN             0.100000E-29   0.153372E+28
  0.391742E-01   0.320296E+45  NaN             0.100000E-29   0.937099E+27
  0.423643E-01   0.123602E+45  NaN             0.100000E-29   0.539648E+27
  0.458142E-01   0.433027E+44  NaN             0.100000E-29   0.291488E+27
  0.495450E-01   0.136649E+44  NaN             0.100000E-29   0.146909E+27
  0.535797E-01   0.385122E+43  NaN             0.100000E-29   0.686969E+26
  0.579429E-01   0.960498E+42  NaN             0.100000E-29   0.296237E+26
  0.626614E-01   0.209882E+42  NaN             0.100000E-29   0.117027E+26
  0.677642E-01   0.397520E+41  NaN             0.100000E-29   0.420517E+25
  0.732825E-01   0.645046E+40  NaN             0.100000E-29   0.136388E+25
  0.792501E-01   0.885528E+39  NaN             0.100000E-29   0.395949E+24
  0.857038E-01   0.101457E+39  NaN             0.100000E-29   0.101966E+24
  0.926830E-01   0.955935E+37  NaN             0.100000E-29   0.230667E+23
  0.100231E+00   0.729006E+36  NaN             0.100000E-29   0.453573E+22
  0.108393E+00   0.442292E+35  NaN             0.100000E-29   0.766447E+21
  0.117220E+00   0.209544E+34  NaN             0.100000E-29   0.109934E+21
  0.126765E+00   0.759765E+32  NaN             0.100000E-29   0.132067E+20
  0.137088E+00   0.206283E+31  NaN             0.100000E-29   0.130980E+19
  0.148252E+00   0.409638E+29  NaN             0.100000E-29   0.105581E+18
  0.160325E+00   0.579994E+27  NaN             0.100000E-29   0.680144E+16
  0.173380E+00   0.569602E+25  NaN             0.100000E-29   0.343814E+15
  0.187499E+00   0.376622E+23  NaN             0.100000E-29   0.133714E+14
  0.202768E+00   0.162344E+21  NaN             0.100000E-29   0.391646E+12
  0.219280E+00   0.440584E+18  NaN             0.100000E-29   0.844191E+10
  0.237137E+00   0.724976E+15  NaN             0.100000E-29   0.130610E+09
  0.256448E+00   0.694423E+12  NaN             0.100000E-29   0.141179E+07
  0.277332E+00   0.370504E+09  NaN             0.100000E-29   0.103549E+05
  0.299916E+00   0.104987E+06  NaN             0.100000E-29   0.499323E+02
  0.324340E+00   0.150063E+02  NaN             0.100000E-29   0.152985E+00
  0.350752E+00   0.102330E-02  NaN             0.100000E-29   0.287016E-03
  0.379315E+00   0.313437E-07  NaN             0.100000E-29   0.316816E-06
  0.410204E+00   0.404026E-12  NaN             0.100000E-29   0.197058E-09
  0.443609E+00   0.204255E-17  NaN             0.100000E-29   0.659145E-13
  0.479733E+00   0.375262E-23  NaN             0.100000E-29   0.112727E-16
  0.518800E+00   0.230727E-29  NaN             0.100000E-29   0.933278E-21
  0.561048E+00   0.100000E-29  NaN             0.100000E-29   0.352592E-25
  0.606736E+00   0.100000E-29  NaN             0.100000E-29   0.100000E-29
  0.656145E+00   0.100000E-29  NaN             0.100000E-29   0.100000E-29
  0.709578E+00   0.100000E-29  NaN             0.100000E-29   0.100000E-29
  0.767361E+00   0.100000E-29  NaN             0.100000E-29   0.100000E-29
  0.829851E+00   0.100000E-29  NaN             0.100000E-29   0.100000E-29
  0.897429E+00   0.100000E-29  NaN             0.100000E-29   0.100000E-29
  0.970510E+00   0.100000E-29  NaN             0.100000E-29   0.100000E-29
  0.104954E+01   0.100000E-29  NaN             0.100000E-29   0.100000E-29
  0.113501E+01   0.100000E-29  NaN             0.100000E-29   0.100000E-29
  0.122744E+01   0.100000E-29  NaN             0.100000E-29   0.100000E-29
  0.132739E+01   0.100000E-29  NaN             0.100000E-29   0.100000E-29
  0.143549E+01   0.100000E-29  NaN             0.100000E-29   0.100000E-29
  0.155239E+01   0.100000E-29  NaN             0.100000E-29   0.100000E-29
  0.167880E+01   0.100000E-29  NaN             0.100000E-29   0.100000E-29
  0.181552E+01   0.100000E-29  NaN             0.100000E-29   0.100000E-29
  0.196336E+01   0.100000E-29  NaN             0.100000E-29   0.100000E-29
  0.212324E+01   0.100000E-29  NaN             0.100000E-29   0.100000E-29
  0.229615E+01   0.100000E-29  NaN             0.100000E-29   0.100000E-29
  0.248313E+01   0.100000E-29  NaN             0.100000E-29   0.100000E-29
  0.268534E+01   0.100000E-29  NaN             0.100000E-29   0.100000E-29
  0.290402E+01   0.100000E-29  NaN             0.100000E-29   0.100000E-29
  0.314051E+01   0.100000E-29  NaN             0.100000E-29   0.100000E-29
  0.339625E+01   0.100000E-29  NaN             0.100000E-29   0.100000E-29
  0.367282E+01   0.100000E-29  NaN             0.100000E-29   0.100000E-29
  0.397192E+01   0.100000E-29  NaN             0.100000E-29   0.100000E-29
  0.429536E+01   0.100000E-29  NaN             0.100000E-29   0.100000E-29
  0.464515E+01   0.100000E-29  NaN             0.100000E-29   0.100000E-29
  0.502343E+01   0.100000E-29  NaN             0.100000E-29   0.100000E-29
  0.543250E+01   0.100000E-29  NaN             0.100000E-29   0.100000E-29
  0.587489E+01   0.100000E-29  NaN             0.100000E-29   0.100000E-29
  0.635331E+01   0.100000E-29  NaN             0.100000E-29   0.100000E-29
  0.687068E+01   0.100000E-29  NaN             0.100000E-29   0.100000E-29
  0.743019E+01   0.100000E-29  NaN             0.100000E-29   0.100000E-29
  0.803526E+01   0.100000E-29  NaN             0.100000E-29   0.100000E-29
  0.868960E+01   0.100000E-29  NaN             0.100000E-29   0.100000E-29
  0.939723E+01   0.100000E-29  NaN             0.100000E-29   0.100000E-29
  0.101625E+02   0.100000E-29  NaN             0.100000E-29   0.100000E-29
  0.109901E+02   0.100000E-29  NaN             0.100000E-29   0.100000E-29
  0.118850E+02   0.100000E-29  NaN             0.100000E-29   0.100000E-29
  0.128529E+02   0.100000E-29  NaN             0.100000E-29   0.100000E-29
  0.138995E+02   0.100000E-29  NaN             0.100000E-29   0.100000E-29
  0.150314E+02   0.100000E-29  NaN             0.100000E-29   0.100000E-29
  0.162555E+02   0.100000E-29  NaN             0.100000E-29   0.100000E-29
  0.175792E+02   0.100000E-29  NaN             0.100000E-29   0.100000E-29
  0.190108E+02   0.100000E-29  NaN             0.100000E-29   0.100000E-29
  0.205589E+02   0.100000E-29  NaN             0.100000E-29   0.100000E-29
  0.222331E+02   0.100000E-29  NaN             0.100000E-29   0.100000E-29
  0.240436E+02   0.100000E-29  NaN             0.100000E-29   0.100000E-29
  0.260016E+02   0.100000E-29  NaN             0.100000E-29   0.100000E-29
  0.281190E+02   0.100000E-29  NaN             0.100000E-29   0.100000E-29
  0.304089E+02   0.100000E-29  NaN             0.100000E-29   0.100000E-29
  0.328852E+02   0.100000E-29  NaN             0.100000E-29   0.100000E-29
  0.355631E+02   0.100000E-29  NaN             0.100000E-29   0.100000E-29
  0.384592E+02   0.100000E-29  NaN             0.100000E-29   0.100000E-29
  0.415911E+02   0.100000E-29  NaN             0.100000E-29   0.100000E-29
  0.449780E+02   0.100000E-29  NaN             0.100000E-29   0.100000E-29
  0.486407E+02   0.100000E-29  NaN             0.100000E-29   0.100000E-29
  0.526017E+02   0.100000E-29  NaN             0.100000E-29   0.100000E-29
  0.568853E+02   0.100000E-29  NaN             0.100000E-29   0.100000E-29
  0.615177E+02   0.100000E-29  NaN             0.100000E-29   0.100000E-29
  0.665273E+02   0.100000E-29  NaN             0.100000E-29   0.100000E-29
  0.719449E+02   0.100000E-29  NaN             0.100000E-29   0.100000E-29
  0.778037E+02   0.100000E-29  NaN             0.100000E-29   0.100000E-29
  0.841395E+02   0.100000E-29  NaN             0.100000E-29   0.100000E-29
  0.909913E+02   0.100000E-29  NaN             0.100000E-29   0.100000E-29
  0.984011E+02   0.100000E-29  NaN             0.100000E-29   0.100000E-29
  0.106414E+03   0.100000E-29  NaN             0.100000E-29   0.100000E-29
  0.115080E+03   0.100000E-29  NaN             0.100000E-29   0.100000E-29
  0.124451E+03   0.100000E-29  NaN             0.100000E-29   0.100000E-29
  0.134586E+03   0.100000E-29  NaN             0.100000E-29   0.100000E-29
  0.145546E+03   0.100000E-29  NaN             0.100000E-29   0.100000E-29
  0.157398E+03   0.100000E-29  NaN             0.100000E-29   0.100000E-29
  0.170216E+03   0.100000E-29  NaN             0.100000E-29   0.100000E-29
  0.184077E+03   0.100000E-29  NaN             0.100000E-29   0.100000E-29
  0.199067E+03   0.100000E-29  NaN             0.100000E-29   0.100000E-29
  0.215278E+03   0.100000E-29  NaN             0.100000E-29   0.100000E-29
  0.232809E+03   0.100000E-29  NaN             0.100000E-29   0.100000E-29
  0.251768E+03   0.100000E-29  NaN             0.100000E-29   0.100000E-29
  0.272270E+03   0.100000E-29  NaN             0.100000E-29   0.100000E-29
  0.294442E+03   0.100000E-29  NaN             0.100000E-29   0.100000E-29
  0.318420E+03   0.100000E-29  NaN             0.100000E-29   0.100000E-29
  0.344350E+03   0.100000E-29  NaN             0.100000E-29   0.100000E-29
  0.372392E+03   0.100000E-29  NaN             0.100000E-29   0.100000E-29
  0.402717E+03   0.100000E-29  NaN             0.100000E-29   0.100000E-29
  0.435512E+03   0.100000E-29  NaN             0.100000E-29   0.100000E-29
  0.470977E+03   0.100000E-29  NaN             0.100000E-29   0.100000E-29
  0.509331E+03   0.100000E-29  NaN             0.100000E-29   0.100000E-29
  0.550808E+03   0.100000E-29  NaN             0.100000E-29   0.100000E-29
  0.595662E+03   0.100000E-29  NaN             0.100000E-29   0.100000E-29
  0.644169E+03   0.100000E-29  NaN             0.100000E-29   0.100000E-29
  0.696627E+03   0.100000E-29  NaN             0.100000E-29   0.100000E-29
  0.753356E+03   0.100000E-29  NaN             0.100000E-29   0.100000E-29
  0.814704E+03   0.100000E-29  NaN             0.100000E-29   0.100000E-29
  0.881049E+03   0.100000E-29  NaN             0.100000E-29   0.100000E-29
  0.952796E+03   0.100000E-29  NaN             0.100000E-29   0.100000E-29
  0.103039E+04   0.100000E-29  NaN             0.100000E-29   0.100000E-29
  0.111429E+04   0.100000E-29  NaN             0.100000E-29   0.100000E-29
  0.120504E+04   0.100000E-29  NaN             0.100000E-29   0.100000E-29
  0.130317E+04   0.100000E-29  NaN             0.100000E-29   0.100000E-29
  0.140929E+04   0.100000E-29  NaN             0.100000E-29   0.100000E-29
  0.152405E+04   0.100000E-29  NaN             0.100000E-29   0.100000E-29
  0.164816E+04   0.100000E-29  NaN             0.100000E-29   0.100000E-29
  0.178238E+04   0.100000E-29  NaN             0.100000E-29   0.100000E-29
  0.192752E+04   0.100000E-29  NaN             0.100000E-29   0.100000E-29
  0.208449E+04   0.100000E-29  NaN             0.100000E-29   0.100000E-29
  0.225424E+04   0.100000E-29  NaN             0.100000E-29   0.100000E-29
  0.243781E+04   0.100000E-29  NaN             0.100000E-29   0.100000E-29
  0.263633E+04   0.100000E-29  NaN             0.100000E-29   0.100000E-29
  0.285102E+04   0.100000E-29  NaN             0.100000E-29   0.100000E-29
  0.308319E+04   0.100000E-29  NaN             0.100000E-29   0.100000E-29
  0.333426E+04   0.100000E-29  NaN             0.100000E-29   0.100000E-29
  0.360579E+04   0.100000E-29  NaN             0.100000E-29   0.100000E-29
  0.389942E+04   0.100000E-29  NaN             0.100000E-29   0.100000E-29
  0.421697E+04   0.100000E-29  NaN             0.100000E-29   0.100000E-29
  0.456037E+04   0.100000E-29  NaN             0.100000E-29   0.100000E-29
  0.493174E+04   0.100000E-29  NaN             0.100000E-29   0.100000E-29
  0.533335E+04   0.100000E-29  NaN             0.100000E-29   0.100000E-29
  0.576766E+04   0.100000E-29  NaN             0.100000E-29   0.100000E-29
  0.623735E+04   0.100000E-29  NaN             0.100000E-29   0.100000E-29
  0.674528E+04   0.100000E-29  NaN             0.100000E-29   0.100000E-29
  0.729458E+04   0.100000E-29  NaN             0.100000E-29   0.100000E-29
  0.788860E+04   0.100000E-29  NaN             0.100000E-29   0.100000E-29
  0.853100E+04   0.100000E-29  NaN             0.100000E-29   0.100000E-29
  0.922571E+04   0.100000E-29  NaN             0.100000E-29   0.100000E-29
  0.997700E+04   0.100000E-29  NaN             0.100000E-29   0.100000E-29
  0.107895E+05   0.100000E-29  NaN             0.100000E-29   0.100000E-29
  0.116681E+05   0.100000E-29  NaN             0.100000E-29   0.100000E-29
  0.126183E+05   0.100000E-29  NaN             0.100000E-29   0.100000E-29
  0.136458E+05   0.100000E-29  NaN             0.100000E-29   0.100000E-29
  0.147571E+05   0.100000E-29  NaN             0.100000E-29   0.100000E-29
  0.159588E+05   0.100000E-29  NaN             0.100000E-29   0.100000E-29
  0.172584E+05   0.100000E-29  NaN             0.100000E-29   0.100000E-29
  0.186638E+05   0.100000E-29  NaN             0.100000E-29   0.100000E-29
  0.201837E+05   0.100000E-29  NaN             0.100000E-29   0.100000E-29
  0.218273E+05   0.100000E-29  NaN             0.100000E-29   0.100000E-29
  0.236048E+05   0.100000E-29  NaN             0.100000E-29   0.100000E-29
  0.255270E+05   0.100000E-29  NaN             0.100000E-29   0.100000E-29
  0.276058E+05   0.100000E-29  NaN             0.100000E-29   0.100000E-29
  0.298538E+05   0.100000E-29  NaN             0.100000E-29   0.100000E-29
  0.322849E+05   0.100000E-29  NaN             0.100000E-29   0.100000E-29
  0.349140E+05   0.100000E-29  NaN             0.100000E-29   0.100000E-29
  0.377572E+05   0.100000E-29  NaN             0.100000E-29   0.100000E-29
  0.408319E+05   0.100000E-29  NaN             0.100000E-29   0.100000E-29
  0.441570E+05   0.100000E-29  NaN             0.100000E-29   0.100000E-29
  0.477529E+05   0.100000E-29  NaN             0.100000E-29   0.100000E-29
  0.516416E+05   0.100000E-29  NaN             0.100000E-29   0.100000E-29
  0.558470E+05   0.100000E-29  NaN             0.100000E-29   0.100000E-29
  0.603949E+05   0.100000E-29  NaN             0.100000E-29   0.100000E-29
  0.653131E+05   0.100000E-29  NaN             0.100000E-29   0.100000E-29
  0.706318E+05   0.100000E-29  NaN             0.100000E-29   0.100000E-29
  0.763836E+05   0.100000E-29  NaN             0.100000E-29   0.100000E-29
  0.826038E+05   0.100000E-29  NaN             0.100000E-29   0.100000E-29
  0.893305E+05   0.100000E-29  NaN             0.100000E-29   0.100000E-29
  0.966051E+05   0.100000E-29  NaN             0.100000E-29   0.100000E-29
  0.104472E+06   0.100000E-29  NaN             0.100000E-29   0.100000E-29
  0.112980E+06   0.100000E-29  NaN             0.100000E-29   0.100000E-29
  0.122180E+06   0.100000E-29  NaN             0.100000E-29   0.100000E-29
  0.132130E+06   0.100000E-29  NaN             0.100000E-29   0.100000E-29
  0.142889E+06   0.100000E-29  NaN             0.100000E-29   0.100000E-29
  0.154525E+06   0.100000E-29  NaN             0.100000E-29   0.100000E-29
  0.167109E+06   0.100000E-29  NaN             0.100000E-29   0.100000E-29
  0.180717E+06   0.100000E-29  NaN             0.100000E-29   0.100000E-29
  0.195434E+06   0.100000E-29  NaN             0.100000E-29   0.100000E-29
  0.211349E+06   0.100000E-29  NaN             0.100000E-29   0.100000E-29
  0.228560E+06   0.100000E-29  NaN             0.100000E-29   0.100000E-29
  0.247172E+06   0.100000E-29  NaN             0.100000E-29   0.100000E-29
  0.267301E+06   0.100000E-29  NaN             0.100000E-29   0.100000E-29
  0.289068E+06   0.100000E-29  NaN             0.100000E-29   0.100000E-29
  0.312608E+06   0.100000E-29  NaN             0.100000E-29   0.100000E-29
  0.338065E+06   0.100000E-29  NaN             0.100000E-29   0.100000E-29
  0.365595E+06   0.100000E-29  NaN             0.100000E-29   0.100000E-29
  0.395367E+06   0.100000E-29  NaN             0.100000E-29   0.100000E-29
  0.427563E+06   0.100000E-29  NaN             0.100000E-29   0.100000E-29
  0.462381E+06   0.100000E-29  NaN             0.100000E-29   0.100000E-29
  0.500035E+06   0.100000E-29  NaN             0.100000E-29   0.100000E-29
  0.540754E+06   0.100000E-29  NaN             0.100000E-29   0.100000E-29
  0.584790E+06   0.100000E-29  NaN             0.100000E-29   0.100000E-29
  0.632412E+06   0.100000E-29  NaN             0.100000E-29   0.100000E-29
  0.683912E+06   0.100000E-29  NaN             0.100000E-29   0.100000E-29
  0.739605E+06   0.100000E-29  NaN             0.100000E-29   0.100000E-29
  0.799834E+06   0.100000E-29  NaN             0.100000E-29   0.100000E-29
  0.864968E+06   0.100000E-29  NaN             0.100000E-29   0.100000E-29
  0.935406E+06   0.100000E-29  NaN             0.100000E-29   0.100000E-29
  0.101158E+07   0.100000E-29  NaN             0.100000E-29   0.100000E-29
  0.109396E+07   0.100000E-29  NaN             0.100000E-29   0.100000E-29
  0.118304E+07   0.100000E-29  NaN             0.100000E-29   0.100000E-29
  0.127938E+07   0.100000E-29  NaN             0.100000E-29   0.100000E-29
  0.138357E+07   0.100000E-29  NaN             0.100000E-29   0.100000E-29
  0.149624E+07   0.100000E-29  NaN             0.100000E-29   0.100000E-29
  0.161808E+07   0.100000E-29  NaN             0.100000E-29   0.100000E-29
  0.174985E+07   0.100000E-29  NaN             0.100000E-29   0.100000E-29
  0.189234E+07   0.100000E-29  NaN             0.100000E-29   0.100000E-29
  0.204644E+07   0.100000E-29  NaN             0.100000E-29   0.100000E-29
  0.221309E+07   0.100000E-29  NaN             0.100000E-29   0.100000E-29
  0.239332E+07   0.100000E-29  NaN             0.100000E-29   0.100000E-29
  0.258821E+07   0.100000E-29  NaN             0.100000E-29   0.100000E-29
  0.279898E+07   0.100000E-29  NaN             0.100000E-29   0.100000E-29
  0.302691E+07   0.100000E-29  NaN             0.100000E-29   0.100000E-29
  0.327341E+07   0.100000E-29  NaN             0.100000E-29   0.100000E-29
  0.353997E+07   0.100000E-29  NaN             0.100000E-29   0.100000E-29
  0.382825E+07   0.100000E-29  NaN             0.100000E-29   0.100000E-29
  0.414000E+07   0.100000E-29  NaN             0.100000E-29   0.100000E-29
  0.447713E+07   0.100000E-29  NaN             0.100000E-29   0.100000E-29
  0.484172E+07   0.100000E-29  NaN             0.100000E-29   0.100000E-29
  0.523600E+07   0.100000E-29  NaN             0.100000E-29   0.100000E-29
  0.566239E+07   0.100000E-29  NaN             0.100000E-29   0.100000E-29
  0.612350E+07   0.100000E-29  NaN             0.100000E-29   0.100000E-29
  0.662217E+07   0.100000E-29  NaN             0.100000E-29   0.100000E-29
  0.716143E+07   0.100000E-29  NaN             0.100000E-29   0.100000E-29
  0.774462E+07   0.100000E-29  NaN             0.100000E-29   0.100000E-29
  0.837529E+07   0.100000E-29  NaN             0.100000E-29   0.100000E-29
  0.905733E+07   0.100000E-29  NaN             0.100000E-29   0.100000E-29
  0.979490E+07   0.100000E-29  NaN             0.100000E-29   0.100000E-29
  0.105925E+08   0.100000E-29  NaN             0.100000E-29   0.100000E-29
  0.114551E+08   0.100000E-29  NaN             0.100000E-29   0.100000E-29
  0.123880E+08   0.100000E-29  NaN             0.100000E-29   0.100000E-29
  0.133968E+08   0.100000E-29  NaN             0.100000E-29   0.100000E-29
  0.144877E+08   0.100000E-29  NaN             0.100000E-29   0.100000E-29
  0.156675E+08   0.100000E-29  NaN             0.100000E-29   0.100000E-29
  0.169434E+08   0.100000E-29  NaN             0.100000E-29   0.100000E-29
  0.183231E+08   0.100000E-29  NaN             0.100000E-29   0.100000E-29
  0.198153E+08   0.100000E-29  NaN             0.100000E-29   0.100000E-29
  0.214289E+08   0.100000E-29  NaN             0.100000E-29   0.100000E-29
  0.231739E+08   0.100000E-29  NaN             0.100000E-29   0.100000E-29
  0.250611E+08   0.100000E-29  NaN             0.100000E-29   0.100000E-29
  0.271019E+08   0.100000E-29  NaN             0.100000E-29   0.100000E-29
  0.293089E+08   0.100000E-29  NaN             0.100000E-29   0.100000E-29
  0.316957E+08   0.100000E-29  NaN             0.100000E-29   0.100000E-29
  0.342768E+08   0.100000E-29  NaN             0.100000E-29   0.100000E-29
  0.370681E+08   0.100000E-29  NaN             0.100000E-29   0.100000E-29
  0.400867E+08   0.100000E-29  NaN             0.100000E-29   0.100000E-29
  0.433511E+08   0.100000E-29  NaN             0.100000E-29   0.100000E-29
  0.468813E+08   0.100000E-29  NaN             0.100000E-29   0.100000E-29
  0.506991E+08   0.100000E-29  NaN             0.100000E-29   0.100000E-29
  0.548277E+08   0.100000E-29  NaN             0.100000E-29   0.100000E-29
  0.592925E+08   0.100000E-29  NaN             0.100000E-29   0.100000E-29
  0.641210E+08   0.100000E-29  NaN             0.100000E-29   0.100000E-29
  0.693426E+08   0.100000E-29  NaN             0.100000E-29   0.100000E-29
  0.749894E+08   0.100000E-29  NaN             0.100000E-29   0.100000E-29
  0.810961E+08   0.100000E-29  NaN             0.100000E-29   0.100000E-29
  0.877001E+08   0.100000E-29  NaN             0.100000E-29   0.100000E-29
  0.948418E+08   0.100000E-29  NaN             0.100000E-29   0.100000E-29
  0.102565E+09   0.100000E-29  NaN             0.100000E-29   0.100000E-29
  0.110917E+09   0.100000E-29  NaN             0.100000E-29   0.100000E-29
  0.119950E+09   0.100000E-29  NaN             0.100000E-29   0.100000E-29
  0.129718E+09   0.100000E-29  NaN             0.100000E-29   0.100000E-29
  0.140281E+09   0.100000E-29  NaN             0.100000E-29   0.100000E-29
  0.151705E+09   0.100000E-29  NaN             0.100000E-29   0.100000E-29
  0.164059E+09   0.100000E-29  NaN             0.100000E-29   0.100000E-29
  0.177419E+09   0.100000E-29  NaN             0.100000E-29   0.100000E-29
  0.191867E+09   0.100000E-29  NaN             0.100000E-29   0.100000E-29
  0.207491E+09   0.100000E-29  NaN             0.100000E-29   0.100000E-29
  0.224388E+09   0.100000E-29  NaN             0.100000E-29   0.100000E-29
  0.242661E+09   0.100000E-29  NaN             0.100000E-29   0.100000E-29
  0.262422E+09   0.100000E-29  NaN             0.100000E-29   0.100000E-29
  0.283792E+09   0.100000E-29  NaN             0.100000E-29   0.100000E-29
  0.306902E+09   0.100000E-29  NaN             0.100000E-29   0.100000E-29
  0.331894E+09   0.100000E-29  NaN             0.100000E-29   0.100000E-29
  0.358922E+09   0.100000E-29  NaN             0.100000E-29   0.100000E-29
  0.388150E+09   0.100000E-29  NaN             0.100000E-29   0.100000E-29
  0.419759E+09   0.100000E-29  NaN             0.100000E-29   0.100000E-29
  0.453942E+09   0.100000E-29  NaN             0.100000E-29   0.100000E-29
  0.490908E+09   0.100000E-29  NaN             0.100000E-29   0.100000E-29
  0.530884E+09   0.100000E-29  NaN             0.100000E-29   0.100000E-29
  0.574116E+09   0.100000E-29  NaN             0.100000E-29   0.100000E-29
  0.620869E+09   0.100000E-29  NaN             0.100000E-29   0.100000E-29
  0.671429E+09   0.100000E-29  NaN             0.100000E-29   0.100000E-29
  0.726106E+09   0.100000E-29  NaN             0.100000E-29   0.100000E-29
  0.785236E+09   0.100000E-29  NaN             0.100000E-29   0.100000E-29
  0.849180E+09   0.100000E-29  NaN             0.100000E-29   0.100000E-29
  0.918333E+09   0.100000E-29  NaN             0.100000E-29   0.100000E-29
  0.993116E+09   0.100000E-29  NaN             0.100000E-29   0.100000E-29
  0.107399E+10   0.100000E-29  NaN             0.100000E-29   0.100000E-29
  0.116145E+10   0.100000E-29  NaN             0.100000E-29   0.100000E-29
  0.125603E+10   0.100000E-29  NaN             0.100000E-29   0.100000E-29
  0.135831E+10   0.100000E-29  NaN             0.100000E-29   0.100000E-29
  0.146893E+10   0.100000E-29  NaN             0.100000E-29   0.100000E-29
  0.158855E+10   0.100000E-29  NaN             0.100000E-29   0.100000E-29
  0.171791E+10   0.100000E-29  NaN             0.100000E-29   0.100000E-29
  0.185780E+10   0.100000E-29  NaN             0.100000E-29   0.100000E-29
  0.200909E+10   0.100000E-29  NaN             0.100000E-29   0.100000E-29
  0.217270E+10   0.100000E-29  NaN             0.100000E-29   0.100000E-29
  0.234963E+10   0.100000E-29  NaN             0.100000E-29   0.100000E-29
  0.254097E+10   0.100000E-29  NaN             0.100000E-29   0.100000E-29
  0.274789E+10   0.100000E-29  NaN             0.100000E-29   0.100000E-29
  0.297167E+10   0.100000E-29  NaN             0.100000E-29   0.100000E-29
  0.321366E+10   0.100000E-29  NaN             0.100000E-29   0.100000E-29
  0.347536E+10   0.100000E-29  NaN             0.100000E-29   0.100000E-29
  0.375837E+10   0.100000E-29  NaN             0.100000E-29   0.100000E-29
  0.406443E+10   0.100000E-29  NaN             0.100000E-29   0.100000E-29
  0.439542E+10   0.100000E-29  NaN             0.100000E-29   0.100000E-29
  0.475335E+10   0.100000E-29  NaN             0.100000E-29   0.100000E-29
  0.514044E+10   0.100000E-29  NaN             0.100000E-29   0.100000E-29
  0.555904E+10   0.100000E-29  NaN             0.100000E-29   0.100000E-29
  0.601174E+10   0.100000E-29  NaN             0.100000E-29   0.100000E-29
  0.650130E+10   0.100000E-29  NaN             0.100000E-29   0.100000E-29
  0.703072E+10   0.100000E-29  NaN             0.100000E-29   0.100000E-29
  0.760326E+10   0.100000E-29  NaN             0.100000E-29   0.100000E-29
  0.822243E+10   0.100000E-29  NaN             0.100000E-29   0.100000E-29
  0.889201E+10   0.100000E-29  NaN             0.100000E-29   0.100000E-29
  0.961612E+10   0.100000E-29  NaN             0.100000E-29   0.100000E-29
