  0.103992E-06   0.331516E+39   0.100000E-29   0.160958E+21   0.857797E+14
  0.112460E-06   0.387707E+39   0.100000E-29   0.188240E+21   0.100319E+15
  0.121619E-06   0.453422E+39   0.100000E-29   0.220145E+21   0.117323E+15
  0.131522E-06   0.530276E+39   0.100000E-29   0.257459E+21   0.137210E+15
  0.142233E-06   0.620156E+39   0.100000E-29   0.301097E+21   0.160467E+15
  0.153815E-06   0.725271E+39   0.100000E-29   0.352132E+21   0.187665E+15
  0.166341E-06   0.848202E+39   0.100000E-29   0.411817E+21   0.219475E+15
  0.179887E-06   0.991969E+39   0.100000E-29   0.481617E+21   0.256675E+15
  0.194536E-06   0.116010E+40   0.100000E-29   0.563249E+21   0.300182E+15
  0.210378E-06   0.135674E+40   0.100000E-29   0.658716E+21   0.351062E+15
  0.227510E-06   0.158670E+40   0.100000E-29   0.770364E+21   0.410567E+15
  0.246037E-06   0.185564E+40   0.260715E-23   0.900935E+21   0.480158E+15
  0.266073E-06   0.217016E+40   0.641461E-23   0.105364E+22   0.561545E+15
  0.287740E-06   0.253799E+40   0.117502E-22   0.123222E+22   0.656726E+15
  0.311172E-06   0.296816E+40   0.137418E-22   0.144107E+22   0.768041E+15
  0.336512E-06   0.347125E+40   0.221738E-22   0.168532E+22   0.898223E+15
  0.363915E-06   0.405960E+40   0.332796E-22   0.197096E+22   0.105047E+16
  0.393550E-06   0.474767E+40   0.481230E-22   0.230502E+22   0.122853E+16
  0.425598E-06   0.555237E+40   0.562799E-22   0.269569E+22   0.143676E+16
  0.460257E-06   0.649345E+40   0.788324E-22   0.315257E+22   0.168029E+16
  0.497737E-06   0.759403E+40   0.971810E-22   0.368689E+22   0.196510E+16
  0.538270E-06   0.888115E+40   0.118644E-21   0.431176E+22   0.229818E+16
  0.582103E-06   0.103864E+41   0.143622E-21   0.504253E+22   0.268772E+16
  0.629506E-06   0.121468E+41   0.167966E-21   0.589716E+22   0.314329E+16
  0.680769E-06   0.142055E+41   0.202042E-21   0.689661E+22   0.367607E+16
  0.736207E-06   0.166132E+41   0.242708E-21   0.806545E+22   0.429916E+16
  0.796159E-06   0.194289E+41   0.289335E-21   0.943237E+22   0.502787E+16
  0.860994E-06   0.227218E+41   0.292838E-21   0.110309E+23   0.588009E+16
  0.931108E-06   0.265728E+41   0.401572E-21   0.129004E+23   0.687676E+16
  0.100693E-05   0.310764E+41   0.475833E-21   0.150866E+23   0.804236E+16
  0.108893E-05   0.363433E+41   0.561951E-21   0.176434E+23   0.940553E+16
  0.117761E-05   0.425028E+41   0.662139E-21   0.206334E+23   0.109998E+17
  0.127350E-05   0.497061E+41   0.774371E-21   0.241300E+23   0.128642E+17
  0.137721E-05   0.581302E+41   0.910978E-21   0.282191E+23   0.150447E+17
  0.148936E-05   0.679818E+41   0.108879E-20   0.330011E+23   0.175947E+17
  0.161065E-05   0.795028E+41   0.129949E-20   0.385934E+23   0.205770E+17
  0.174181E-05   0.929762E+41   0.154804E-20   0.451332E+23   0.240648E+17
  0.188365E-05   0.108733E+42   0.181044E-20   0.527809E+23   0.281438E+17
  0.203704E-05   0.127159E+42   0.218413E-20   0.617244E+23   0.329141E+17
  0.220293E-05   0.148708E+42   0.262738E-20   0.721830E+23   0.384930E+17
  0.238232E-05   0.173908E+42   0.314489E-20   0.844133E+23   0.450176E+17
  0.257632E-05   0.203378E+42   0.322124E-20   0.987155E+23   0.526480E+17
  0.278612E-05   0.237841E+42   0.445872E-20   0.115440E+24   0.615718E+17
  0.301301E-05   0.278144E+42   0.528660E-20   0.134998E+24   0.720081E+17
  0.325837E-05   0.325274E+42   0.632749E-20   0.157868E+24   0.842134E+17
  0.352371E-05   0.380389E+42   0.752171E-20   0.184612E+24   0.984874E+17
  0.381066E-05   0.444841E+42   0.879663E-20   0.215885E+24   0.115181E+18
  0.412098E-05   0.520211E+42   0.104048E-19   0.252453E+24   0.134704E+18
  0.445656E-05   0.608349E+42   0.123965E-19   0.295214E+24   0.157536E+18
  0.481948E-05   0.711415E+42   0.147085E-19   0.345214E+24   0.184238E+18
  0.521195E-05   0.831939E+42   0.147817E-19   0.403680E+24   0.215466E+18
  0.563638E-05   0.972875E+42   0.202883E-19   0.472042E+24   0.251987E+18
  0.609537E-05   0.113768E+43   0.241552E-19   0.551976E+24   0.294699E+18
  0.659174E-05   0.133039E+43   0.286052E-19   0.645438E+24   0.344649E+18
  0.712853E-05   0.155574E+43   0.338244E-19   0.754716E+24   0.403067E+18
  0.770903E-05   0.181924E+43   0.395576E-19   0.882484E+24   0.471386E+18
  0.833681E-05   0.212735E+43   0.465510E-19   0.103187E+25   0.551284E+18
  0.901571E-05   0.248762E+43   0.546727E-19   0.120652E+25   0.644726E+18
  0.974990E-05   0.290887E+43   0.648999E-19   0.141071E+25   0.754005E+18
  0.105439E-04   0.340142E+43   0.758832E-19   0.164942E+25   0.881806E+18
  0.114025E-04   0.397733E+43   0.887454E-19   0.192850E+25   0.103127E+19
  0.123310E-04   0.465068E+43   0.103742E-18   0.225474E+25   0.120607E+19
  0.133352E-04   0.543795E+43   0.112567E-18   0.263611E+25   0.141049E+19
  0.144212E-04   0.635839E+43   0.124582E-18   0.308191E+25   0.164956E+19
  0.155955E-04   0.743450E+43   0.140176E-18   0.360300E+25   0.192916E+19
  0.168655E-04   0.869259E+43   0.185204E-18   0.421207E+25   0.225614E+19
  0.182390E-04   0.101634E+44   0.206424E-18   0.492396E+25   0.263855E+19
  0.197242E-04   0.118828E+44   0.230458E-18   0.575596E+25   0.308577E+19
  0.213304E-04   0.138927E+44   0.260008E-18   0.672829E+25   0.360879E+19
  0.230675E-04   0.162423E+44   0.341066E-18   0.786457E+25   0.422046E+19
  0.249459E-04   0.189887E+44   0.384719E-18   0.919234E+25   0.493580E+19
  0.269774E-04   0.221989E+44   0.463960E-18   0.107438E+26   0.577239E+19
  0.291743E-04   0.259510E+44   0.543136E-18   0.125564E+26   0.675077E+19
  0.315500E-04   0.303362E+44   0.641453E-18   0.146741E+26   0.789498E+19
  0.341193E-04   0.354612E+44   0.744968E-18   0.171479E+26   0.923311E+19
  0.368978E-04   0.414503E+44   0.881012E-18   0.200375E+26   0.107980E+20
  0.399025E-04   0.484490E+44   0.103515E-17   0.234123E+26   0.126282E+20
  0.431519E-04   0.566267E+44   0.120568E-17   0.273535E+26   0.147686E+20
  0.466659E-04   0.661815E+44   0.141454E-17   0.319556E+26   0.172717E+20
  0.504661E-04   0.773444E+44   0.167021E-17   0.373286E+26   0.201990E+20
  0.545758E-04   0.903848E+44   0.194340E-17   0.436010E+26   0.236225E+20
  0.590201E-04   0.105617E+45   0.229334E-17   0.509221E+26   0.276262E+20
  0.638263E-04   0.123409E+45   0.268529E-17   0.594658E+26   0.323085E+20
  0.690240E-04   0.144186E+45   0.312241E-17   0.694346E+26   0.377842E+20
  0.746449E-04   0.168449E+45   0.368283E-17   0.810640E+26   0.441880E+20
  0.807235E-04   0.196777E+45   0.430990E-17   0.946278E+26   0.516771E+20
  0.872971E-04   0.229848E+45   0.501162E-17   0.110444E+27   0.604354E+20
  0.944061E-04   0.268449E+45   0.591317E-17   0.128883E+27   0.706779E+20
  0.102094E-03   0.313500E+45   0.691722E-17   0.150373E+27   0.826562E+20
  0.110408E-03   0.366067E+45   0.804813E-17   0.175412E+27   0.966644E+20
  0.119399E-03   0.427395E+45   0.949466E-17   0.204577E+27   0.113046E+21
  0.129122E-03   0.498928E+45   0.111311E-16   0.238538E+27   0.132205E+21
  0.139637E-03   0.582346E+45   0.129593E-16   0.278067E+27   0.154609E+21
  0.151008E-03   0.679601E+45   0.152965E-16   0.324060E+27   0.180810E+21
  0.163305E-03   0.792959E+45   0.179135E-16   0.377550E+27   0.211451E+21
  0.176604E-03   0.925049E+45   0.208736E-16   0.439732E+27   0.247284E+21
  0.190985E-03   0.107892E+46   0.247082E-16   0.511979E+27   0.289188E+21
  0.206538E-03   0.125811E+46   0.290751E-16   0.595877E+27   0.338192E+21
  0.223357E-03   0.146670E+46   0.340175E-16   0.693244E+27   0.395499E+21
  0.241546E-03   0.170942E+46   0.403402E-16   0.806171E+27   0.462515E+21
  0.261216E-03   0.199175E+46   0.474462E-16   0.937049E+27   0.540885E+21
  0.282488E-03   0.232000E+46   0.553698E-16   0.108862E+28   0.632531E+21
  0.305492E-03   0.270144E+46   0.654286E-16   0.126400E+28   0.739703E+21
  0.330370E-03   0.314445E+46   0.766471E-16   0.146674E+28   0.865029E+21
  0.357273E-03   0.365868E+46   0.889769E-16   0.170089E+28   0.101158E+22
  0.386367E-03   0.425520E+46   0.104628E-15   0.197100E+28   0.118296E+22
  0.417830E-03   0.494669E+46   0.121903E-15   0.228224E+28   0.138337E+22
  0.451856E-03   0.574766E+46   0.141061E-15   0.264040E+28   0.161771E+22
  0.488652E-03   0.667469E+46   0.165692E-15   0.305195E+28   0.189174E+22
  0.528445E-03   0.774666E+46   0.193692E-15   0.352411E+28   0.221217E+22
  0.571479E-03   0.898501E+46   0.225059E-15   0.406489E+28   0.258686E+22
  0.618016E-03   0.104141E+47   0.265495E-15   0.468308E+28   0.302498E+22
  0.668344E-03   0.120612E+47   0.312397E-15   0.538829E+28   0.353727E+22
  0.722770E-03   0.139574E+47   0.367391E-15   0.619092E+28   0.413628E+22
  0.781628E-03   0.161372E+47   0.436483E-15   0.710214E+28   0.483668E+22
  0.845279E-03   0.186391E+47   0.510878E-15   0.813374E+28   0.565560E+22
  0.914113E-03   0.215060E+47   0.588575E-15   0.929802E+28   0.661310E+22
  0.988553E-03   0.247851E+47   0.681009E-15   0.106075E+29   0.773260E+22
  0.106905E-02   0.285281E+47   0.769508E-15   0.120747E+29   0.904147E+22
  0.115611E-02   0.327910E+47   0.865587E-15   0.137116E+29   0.105717E+23
  0.125026E-02   0.376341E+47   0.971265E-15   0.155292E+29   0.123608E+23
  0.135207E-02   0.431214E+47   0.106449E-14   0.175365E+29   0.144523E+23
  0.146218E-02   0.493201E+47   0.113857E-14   0.197401E+29   0.168973E+23
  0.158125E-02   0.562989E+47   0.122553E-14   0.221425E+29   0.197556E+23
  0.171002E-02   0.641269E+47   0.129885E-14   0.247414E+29   0.230968E+23
  0.184927E-02   0.728711E+47   0.138050E-14   0.275279E+29   0.270024E+23
  0.199986E-02   0.825937E+47   0.145488E-14   0.304848E+29   0.315676E+23
  0.216272E-02   0.933483E+47   0.153110E-14   0.335852E+29   0.369034E+23
  0.233884E-02   0.105175E+48   0.161882E-14   0.367902E+29   0.431397E+23
  0.252930E-02   0.118095E+48   0.170153E-14   0.400479E+29   0.504281E+23
  0.273527E-02   0.132103E+48   0.178159E-14   0.432914E+29   0.589457E+23
  0.295801E-02   0.147162E+48   0.187557E-14   0.464389E+29   0.688990E+23
  0.319890E-02   0.163191E+48   0.199698E-14   0.493931E+29   0.805293E+23
  0.345939E-02   0.180057E+48   0.209488E-14   0.520431E+29   0.941184E+23
  0.374111E-02   0.197565E+48   0.223465E-14   0.542677E+29   0.109995E+24
  0.404576E-02   0.215451E+48   0.235600E-14   0.559401E+29   0.128542E+24
  0.437522E-02   0.233370E+48   0.247227E-14   0.569354E+29   0.150207E+24
  0.473151E-02   0.250895E+48   0.263025E-14   0.571403E+29   0.175512E+24
  0.511682E-02   0.267513E+48   0.276503E-14   0.564641E+29   0.205066E+24
  0.553350E-02   0.282634E+48   0.288716E-14   0.548507E+29   0.239577E+24
  0.598412E-02   0.295603E+48   0.305302E-14   0.522905E+29   0.279872E+24
  0.647143E-02   0.305728E+48   0.318103E-14   0.488297E+29   0.326915E+24
  0.699842E-02   0.312314E+48   0.329134E-14   0.445747E+29   0.381828E+24
  0.756833E-02   0.314712E+48   0.345040E-14   0.396913E+29   0.445917E+24
  0.818465E-02   0.312383E+48   0.355687E-14   0.343948E+29   0.520702E+24
  0.885116E-02   0.304958E+48   0.364467E-14   0.289335E+29   0.607954E+24
  0.957194E-02   0.292307E+48   0.377701E-14   0.235646E+29   0.709729E+24
  0.103514E-01   0.274593E+48   0.385198E-14   0.185283E+29   0.828421E+24
  0.111944E-01   0.252311E+48   0.390503E-14   0.140218E+29   0.966808E+24
  0.121060E-01   0.226284E+48   0.400615E-14   0.101802E+29   0.112812E+25
  0.130918E-01   0.197630E+48   0.404499E-14   0.706602E+28   0.131610E+25
  0.141579E-01   0.167675E+48   0.405818E-14   0.467127E+28   0.153509E+25
  0.153109E-01   0.137838E+48   0.413025E-14   0.292948E+28   0.179013E+25
  0.165577E-01   0.109480E+48   0.412677E-14   0.173524E+28   0.208704E+25
  0.179061E-01   0.837678E+47   0.410485E-14   0.966302E+27   0.243257E+25
  0.193642E-01   0.615464E+47   0.413988E-14   0.503342E+27   0.283453E+25
  0.209411E-01   0.432742E+47   0.412168E-14   0.243918E+27   0.330190E+25
  0.226464E-01   0.290109E+47   0.406622E-14   0.109320E+27   0.384507E+25
  0.244906E-01   0.184710E+47   0.407329E-14   0.450262E+26   0.447601E+25
  0.264850E-01   0.111217E+47   0.401909E-14   0.169260E+26   0.520847E+25
  0.286418E-01   0.630404E+46   0.394791E-14   0.576415E+25   0.605827E+25
  0.309742E-01   0.334727E+46   0.393096E-14   0.176406E+25   0.704351E+25
  0.334965E-01   0.165604E+46   0.386284E-14   0.480961E+24   0.818495E+25
  0.362243E-01   0.759031E+45   0.378309E-14   0.115728E+24   0.950629E+25
  0.391742E-01   0.320296E+45   0.374596E-14   0.243265E+23   0.110345E+26
  0.423643E-01   0.123602E+45   0.364567E-14   0.441830E+22   0.128004E+26
  0.458142E-01   0.433027E+44   0.355638E-14   0.685167E+21   0.148386E+26
  0.495450E-01   0.136649E+44   0.353080E-14   0.895599E+20   0.171887E+26
  0.535797E-01   0.385122E+43   0.346505E-14   0.973112E+19   0.198947E+26
  0.579429E-01   0.960498E+42   0.334544E-14   0.865780E+18   0.230065E+26
  0.626614E-01   0.209882E+42   0.328069E-14   0.620552E+17   0.265795E+26
  0.677642E-01   0.397520E+41   0.315307E-14   0.352072E+16   0.306754E+26
  0.732825E-01   0.645046E+40   0.304774E-14   0.155132E+15   0.353621E+26
  0.792501E-01   0.885528E+39   0.304037E-14   0.520048E+13   0.407143E+26
  0.857038E-01   0.101457E+39   0.298345E-14   0.129716E+12   0.468131E+26
  0.926830E-01   0.955935E+37   0.286625E-14   0.235014E+10   0.537461E+26
  0.100231E+00   0.729006E+36   0.280356E-14   0.301327E+08   0.616063E+26
  0.108393E+00   0.442292E+35   0.269730E-14   0.265827E+06   0.704915E+26
  0.117220E+00   0.209544E+34   0.259092E-14   0.156514E+04   0.805029E+26
  0.126765E+00   0.759765E+32   0.255083E-14   0.595113E+01   0.917421E+26
  0.137088E+00   0.206283E+31   0.248541E-14   0.141017E-01   0.104309E+27
  0.148252E+00   0.409638E+29   0.244688E-14   0.200377E-04   0.118297E+27
  0.160325E+00   0.579994E+27   0.225189E-14   0.163773E-07   0.133789E+27
  0.173380E+00   0.569602E+25   0.206634E-14   0.736025E-11   0.150849E+27
  0.187499E+00   0.376622E+23   0.202377E-14   0.173240E-14   0.169515E+27
  0.202768E+00   0.162344E+21   0.190639E-14   0.202599E-18   0.189789E+27
  0.219280E+00   0.440584E+18   0.184053E-14   0.111204E-22   0.211628E+27
  0.237137E+00   0.724976E+15   0.182638E-14   0.269367E-27   0.234928E+27
  0.256448E+00   0.694423E+12   0.179860E-14   0.100000E-29   0.259511E+27
  0.277332E+00   0.370504E+09   0.180406E-14   0.100000E-29   0.285115E+27
  0.299916E+00   0.104987E+06   0.185894E-14   0.100000E-29   0.311371E+27
  0.324340E+00   0.150063E+02   0.192941E-14   0.100000E-29   0.337801E+27
  0.350752E+00   0.102330E-02   0.172568E-14   0.100000E-29   0.363802E+27
  0.379315E+00   0.313437E-07   0.138559E-14   0.100000E-29   0.388648E+27
  0.410204E+00   0.404026E-12   0.113298E-14   0.100000E-29   0.411492E+27
  0.443609E+00   0.204255E-17   0.935740E-15   0.100000E-29   0.431391E+27
  0.479733E+00   0.375262E-23   0.853574E-15   0.100000E-29   0.447333E+27
  0.518800E+00   0.230727E-29   0.193876E-14   0.100000E-29   0.458288E+27
  0.561048E+00   0.100000E-29   0.215617E-14   0.100000E-29   0.463281E+27
  0.606736E+00   0.100000E-29   0.240976E-14   0.100000E-29   0.461471E+27
  0.656145E+00   0.100000E-29   0.267233E-14   0.100000E-29   0.452250E+27
  0.709578E+00   0.100000E-29   0.302955E-14   0.100000E-29   0.435340E+27
  0.767361E+00   0.100000E-29   0.344110E-14   0.100000E-29   0.410880E+27
  0.829851E+00   0.100000E-29   0.375239E-14   0.100000E-29   0.379484E+27
  0.897429E+00   0.100000E-29   0.421200E-14   0.100000E-29   0.342261E+27
  0.970510E+00   0.100000E-29   0.462621E-14   0.100000E-29   0.300767E+27
  0.104954E+01   0.100000E-29   0.506144E-15   0.100000E-29   0.256901E+27
  0.113501E+01   0.100000E-29   0.321199E-15   0.100000E-29   0.212738E+27
  0.122744E+01   0.100000E-29   0.220439E-15   0.100000E-29   0.170323E+27
  0.132739E+01   0.100000E-29   0.221739E-15   0.100000E-29   0.131454E+27
  0.143549E+01   0.100000E-29   0.150714E-15   0.100000E-29   0.974937E+26
  0.155239E+01   0.100000E-29   0.993085E-16   0.100000E-29   0.692504E+26
  0.167880E+01   0.100000E-29   0.636300E-16   0.100000E-29   0.469400E+26
  0.181552E+01   0.100000E-29   0.442969E-16   0.100000E-29   0.302450E+26
  0.196336E+01   0.100000E-29   0.355549E-16   0.100000E-29   0.184477E+26
  0.212324E+01   0.100000E-29   0.972712E-16   0.100000E-29   0.106037E+26
  0.229615E+01   0.100000E-29   0.108108E-15   0.100000E-29   0.571598E+25
  0.248313E+01   0.100000E-29   0.115698E-15   0.100000E-29   0.287454E+25
  0.268534E+01   0.100000E-29   0.116195E-15   0.100000E-29   0.134101E+25
  0.290402E+01   0.100000E-29   0.131211E-15   0.100000E-29   0.576798E+24
  0.314051E+01   0.100000E-29   0.151854E-15   0.100000E-29   0.227234E+24
  0.339625E+01   0.100000E-29   0.176844E-15   0.100000E-29   0.814087E+23
  0.367282E+01   0.100000E-29   0.202929E-15   0.100000E-29   0.263184E+23
  0.397192E+01   0.100000E-29   0.235934E-15   0.100000E-29   0.761387E+22
  0.429536E+01   0.100000E-29   0.637576E-17   0.100000E-29   0.195335E+22
  0.464515E+01   0.100000E-29   0.720145E-17   0.100000E-29   0.440085E+21
  0.502343E+01   0.100000E-29   0.796766E-17   0.100000E-29   0.861545E+20
  0.543250E+01   0.100000E-29   0.771606E-17   0.100000E-29   0.144890E+20
  0.587489E+01   0.100000E-29   0.397139E-17   0.100000E-29   0.206748E+19
  0.635331E+01   0.100000E-29   0.244094E-17   0.100000E-29   0.246989E+18
  0.687068E+01   0.100000E-29   0.194815E-17   0.100000E-29   0.243481E+17
  0.743019E+01   0.100000E-29   0.979379E-18   0.100000E-29   0.194987E+16
  0.803526E+01   0.100000E-29   0.101181E-17   0.100000E-29   0.124724E+15
  0.868960E+01   0.100000E-29   0.105532E-17   0.100000E-29   0.625679E+13
  0.939723E+01   0.100000E-29   0.739796E-18   0.100000E-29   0.241333E+12
  0.101625E+02   0.100000E-29   0.784281E-18   0.100000E-29   0.700565E+10
  0.109901E+02   0.100000E-29   0.551778E-18   0.100000E-29   0.149553E+09
  0.118850E+02   0.100000E-29   0.565633E-18   0.100000E-29   0.228976E+07
  0.128529E+02   0.100000E-29   0.543358E-18   0.100000E-29   0.244723E+05
  0.138995E+02   0.100000E-29   0.531000E-18   0.100000E-29   0.177312E+03
  0.150314E+02   0.100000E-29   0.548963E-18   0.100000E-29   0.843784E+00
  0.162555E+02   0.100000E-29   0.576428E-18   0.100000E-29   0.254852E-02
  0.175792E+02   0.100000E-29   0.298679E-18   0.100000E-29   0.470791E-05
  0.190108E+02   0.100000E-29   0.246720E-18   0.100000E-29   0.511053E-08
  0.205589E+02   0.100000E-29   0.264864E-18   0.100000E-29   0.312175E-11
  0.222331E+02   0.100000E-29   0.258820E-18   0.100000E-29   0.102397E-14
  0.240436E+02   0.100000E-29   0.264171E-18   0.100000E-29   0.171455E-18
  0.260016E+02   0.100000E-29   0.216391E-18   0.100000E-29   0.138739E-22
  0.281190E+02   0.100000E-29   0.245798E-18   0.100000E-29   0.511347E-27
  0.304089E+02   0.100000E-29   0.261991E-18   0.100000E-29   0.100000E-29
  0.328852E+02   0.100000E-29   0.291189E-18   0.100000E-29   0.100000E-29
  0.355631E+02   0.100000E-29   0.287109E-18   0.100000E-29   0.100000E-29
  0.384592E+02   0.100000E-29   0.311444E-18   0.100000E-29   0.100000E-29
  0.415911E+02   0.100000E-29   0.203308E-18   0.100000E-29   0.100000E-29
  0.449780E+02   0.100000E-29   0.237033E-18   0.100000E-29   0.100000E-29
  0.486407E+02   0.100000E-29   0.236204E-18   0.100000E-29   0.100000E-29
  0.526017E+02   0.100000E-29   0.187789E-18   0.100000E-29   0.100000E-29
  0.568853E+02   0.100000E-29   0.139514E-18   0.100000E-29   0.100000E-29
  0.615177E+02   0.100000E-29   0.156988E-18   0.100000E-29   0.100000E-29
  0.665273E+02   0.100000E-29   0.153180E-18   0.100000E-29   0.100000E-29
  0.719449E+02   0.100000E-29   0.171985E-18   0.100000E-29   0.100000E-29
  0.778037E+02   0.100000E-29   0.709019E-19   0.100000E-29   0.100000E-29
  0.841395E+02   0.100000E-29   0.732700E-19   0.100000E-29   0.100000E-29
  0.909913E+02   0.100000E-29   0.329339E-19   0.100000E-29   0.100000E-29
  0.984011E+02   0.100000E-29   0.348799E-19   0.100000E-29   0.100000E-29
  0.106414E+03   0.100000E-29   0.379074E-19   0.100000E-29   0.100000E-29
  0.115080E+03   0.100000E-29   0.422340E-19   0.100000E-29   0.100000E-29
  0.124451E+03   0.100000E-29   0.497011E-19   0.100000E-29   0.100000E-29
  0.134586E+03   0.100000E-29   0.385271E-19   0.100000E-29   0.100000E-29
  0.145546E+03   0.100000E-29   0.424552E-19   0.100000E-29   0.100000E-29
  0.157398E+03   0.100000E-29   0.462546E-19   0.100000E-29   0.100000E-29
  0.170216E+03   0.100000E-29   0.511623E-19   0.100000E-29   0.100000E-29
  0.184077E+03   0.100000E-29   0.369297E-19   0.100000E-29   0.100000E-29
  0.199067E+03   0.100000E-29   0.403144E-19   0.100000E-29   0.100000E-29
  0.215278E+03   0.100000E-29   0.429970E-19   0.100000E-29   0.100000E-29
  0.232809E+03   0.100000E-29   0.355878E-19   0.100000E-29   0.100000E-29
  0.251768E+03   0.100000E-29   0.345513E-19   0.100000E-29   0.100000E-29
  0.272270E+03   0.100000E-29   0.353035E-19   0.100000E-29   0.100000E-29
  0.294442E+03   0.100000E-29   0.346333E-19   0.100000E-29   0.100000E-29
  0.318420E+03   0.100000E-29   0.366668E-19   0.100000E-29   0.100000E-29
  0.344350E+03   0.100000E-29   0.378593E-19   0.100000E-29   0.100000E-29
  0.372392E+03   0.100000E-29   0.372945E-19   0.100000E-29   0.100000E-29
  0.402717E+03   0.100000E-29   0.375101E-19   0.100000E-29   0.100000E-29
  0.435512E+03   0.100000E-29   0.371791E-19   0.100000E-29   0.100000E-29
  0.470977E+03   0.100000E-29   0.368216E-19   0.100000E-29   0.100000E-29
  0.509331E+03   0.100000E-29   0.371007E-19   0.100000E-29   0.100000E-29
  0.550808E+03   0.100000E-29   0.368417E-19   0.100000E-29   0.100000E-29
  0.595662E+03   0.100000E-29   0.367842E-19   0.100000E-29   0.100000E-29
  0.644169E+03   0.100000E-29   0.257239E-19   0.100000E-29   0.100000E-29
  0.696627E+03   0.100000E-29   0.233944E-19   0.100000E-29   0.100000E-29
  0.753356E+03   0.100000E-29   0.198815E-19   0.100000E-29   0.100000E-29
  0.814704E+03   0.100000E-29   0.189597E-19   0.100000E-29   0.100000E-29
  0.881049E+03   0.100000E-29   0.176474E-19   0.100000E-29   0.100000E-29
  0.952796E+03   0.100000E-29   0.167015E-19   0.100000E-29   0.100000E-29
  0.103039E+04   0.100000E-29   0.155558E-19   0.100000E-29   0.100000E-29
  0.111429E+04   0.100000E-29   0.144236E-19   0.100000E-29   0.100000E-29
  0.120504E+04   0.100000E-29   0.135991E-19   0.100000E-29   0.100000E-29
  0.130317E+04   0.100000E-29   0.125835E-19   0.100000E-29   0.100000E-29
  0.140929E+04   0.100000E-29   0.116027E-19   0.100000E-29   0.100000E-29
  0.152405E+04   0.100000E-29   0.107249E-19   0.100000E-29   0.100000E-29
  0.164816E+04   0.100000E-29   0.100674E-19   0.100000E-29   0.100000E-29
  0.178238E+04   0.100000E-29   0.925409E-20   0.100000E-29   0.100000E-29
  0.192752E+04   0.100000E-29   0.867357E-20   0.100000E-29   0.100000E-29
  0.208449E+04   0.100000E-29   0.798475E-20   0.100000E-29   0.100000E-29
  0.225424E+04   0.100000E-29   0.732631E-20   0.100000E-29   0.100000E-29
  0.243781E+04   0.100000E-29   0.684467E-20   0.100000E-29   0.100000E-29
  0.263633E+04   0.100000E-29   0.629609E-20   0.100000E-29   0.100000E-29
  0.285102E+04   0.100000E-29   0.576907E-20   0.100000E-29   0.100000E-29
  0.308319E+04   0.100000E-29   0.539218E-20   0.100000E-29   0.100000E-29
  0.333426E+04   0.100000E-29   0.494303E-20   0.100000E-29   0.100000E-29
  0.360579E+04   0.100000E-29   0.452779E-20   0.100000E-29   0.100000E-29
  0.389942E+04   0.100000E-29   0.422489E-20   0.100000E-29   0.100000E-29
  0.421697E+04   0.100000E-29   0.387841E-20   0.100000E-29   0.100000E-29
  0.456037E+04   0.100000E-29   0.354586E-20   0.100000E-29   0.100000E-29
  0.493174E+04   0.100000E-29   0.330539E-20   0.100000E-29   0.100000E-29
  0.533335E+04   0.100000E-29   0.302277E-20   0.100000E-29   0.100000E-29
  0.576766E+04   0.100000E-29   0.275160E-20   0.100000E-29   0.100000E-29
  0.623735E+04   0.100000E-29   0.254207E-20   0.100000E-29   0.100000E-29
  0.674528E+04   0.100000E-29   0.229766E-20   0.100000E-29   0.100000E-29
  0.729458E+04   0.100000E-29   0.206000E-20   0.100000E-29   0.100000E-29
  0.788860E+04   0.100000E-29   0.186798E-20   0.100000E-29   0.100000E-29
  0.853100E+04   0.100000E-29   0.164660E-20   0.100000E-29   0.100000E-29
  0.922571E+04   0.100000E-29   0.142670E-20   0.100000E-29   0.100000E-29
  0.997700E+04   0.100000E-29   0.124124E-20   0.100000E-29   0.100000E-29
  0.107895E+05   0.100000E-29   0.104437E-20   0.100000E-29   0.100000E-29
  0.116681E+05   0.100000E-29   0.877800E-21   0.100000E-29   0.100000E-29
  0.126183E+05   0.100000E-29   0.753968E-21   0.100000E-29   0.100000E-29
  0.136458E+05   0.100000E-29   0.632850E-21   0.100000E-29   0.100000E-29
  0.147571E+05   0.100000E-29   0.531166E-21   0.100000E-29   0.100000E-29
  0.159588E+05   0.100000E-29   0.454691E-21   0.100000E-29   0.100000E-29
  0.172584E+05   0.100000E-29   0.381756E-21   0.100000E-29   0.100000E-29
  0.186638E+05   0.100000E-29   0.318537E-21   0.100000E-29   0.100000E-29
  0.201837E+05   0.100000E-29   0.272452E-21   0.100000E-29   0.100000E-29
  0.218273E+05   0.100000E-29   0.227086E-21   0.100000E-29   0.100000E-29
  0.236048E+05   0.100000E-29   0.189471E-21   0.100000E-29   0.100000E-29
  0.255270E+05   0.100000E-29   0.161367E-21   0.100000E-29   0.100000E-29
  0.276058E+05   0.100000E-29   0.134024E-21   0.100000E-29   0.100000E-29
  0.298538E+05   0.100000E-29   0.111309E-21   0.100000E-29   0.100000E-29
  0.322849E+05   0.100000E-29   0.945545E-22   0.100000E-29   0.100000E-29
  0.349140E+05   0.100000E-29   0.783167E-22   0.100000E-29   0.100000E-29
  0.377572E+05   0.100000E-29   0.648564E-22   0.100000E-29   0.100000E-29
  0.408319E+05   0.100000E-29   0.548398E-22   0.100000E-29   0.100000E-29
  0.441570E+05   0.100000E-29   0.452527E-22   0.100000E-29   0.100000E-29
  0.477529E+05   0.100000E-29   0.381697E-22   0.100000E-29   0.100000E-29
  0.516416E+05   0.100000E-29   0.313780E-22   0.100000E-29   0.100000E-29
  0.558470E+05   0.100000E-29   0.257823E-22   0.100000E-29   0.100000E-29
  0.603949E+05   0.100000E-29   0.216825E-22   0.100000E-29   0.100000E-29
  0.653131E+05   0.100000E-29   0.177696E-22   0.100000E-29   0.100000E-29
  0.706318E+05   0.100000E-29   0.145284E-22   0.100000E-29   0.100000E-29
  0.763836E+05   0.100000E-29   0.121730E-22   0.100000E-29   0.100000E-29
  0.826038E+05   0.100000E-29   0.993873E-23   0.100000E-29   0.100000E-29
  0.893305E+05   0.100000E-29   0.810323E-23   0.100000E-29   0.100000E-29
  0.966051E+05   0.100000E-29   0.675956E-23   0.100000E-29   0.100000E-29
  0.104472E+06   0.100000E-29   0.550418E-23   0.100000E-29   0.100000E-29
  0.112980E+06   0.100000E-29   0.447270E-23   0.100000E-29   0.100000E-29
  0.122180E+06   0.100000E-29   0.371845E-23   0.100000E-29   0.100000E-29
  0.132130E+06   0.100000E-29   0.301830E-23   0.100000E-29   0.100000E-29
  0.142889E+06   0.100000E-29   0.243941E-23   0.100000E-29   0.100000E-29
  0.154525E+06   0.100000E-29   0.202198E-23   0.100000E-29   0.100000E-29
  0.167109E+06   0.100000E-29   0.163809E-23   0.100000E-29   0.100000E-29
  0.180717E+06   0.100000E-29   0.132443E-23   0.100000E-29   0.100000E-29
  0.195434E+06   0.100000E-29   0.109373E-23   0.100000E-29   0.100000E-29
  0.211349E+06   0.100000E-29   0.880646E-24   0.100000E-29   0.100000E-29
  0.228560E+06   0.100000E-29   0.711005E-24   0.100000E-29   0.100000E-29
  0.247172E+06   0.100000E-29   0.585806E-24   0.100000E-29   0.100000E-29
  0.267301E+06   0.100000E-29   0.472130E-24   0.100000E-29   0.100000E-29
  0.289068E+06   0.100000E-29   0.378562E-24   0.100000E-29   0.100000E-29
  0.312608E+06   0.100000E-29   0.311923E-24   0.100000E-29   0.100000E-29
  0.338065E+06   0.100000E-29   0.250572E-24   0.100000E-29   0.100000E-29
  0.365595E+06   0.100000E-29   0.200966E-24   0.100000E-29   0.100000E-29
  0.395367E+06   0.100000E-29   0.165103E-24   0.100000E-29   0.100000E-29
  0.427563E+06   0.100000E-29   0.132373E-24   0.100000E-29   0.100000E-29
  0.462381E+06   0.100000E-29   0.105852E-24   0.100000E-29   0.100000E-29
  0.500035E+06   0.100000E-29   0.868159E-25   0.100000E-29   0.100000E-29
  0.540754E+06   0.100000E-29   0.694103E-25   0.100000E-29   0.100000E-29
  0.584790E+06   0.100000E-29   0.555425E-25   0.100000E-29   0.100000E-29
  0.632412E+06   0.100000E-29   0.454879E-25   0.100000E-29   0.100000E-29
  0.683912E+06   0.100000E-29   0.363147E-25   0.100000E-29   0.100000E-29
  0.739605E+06   0.100000E-29   0.289847E-25   0.100000E-29   0.100000E-29
  0.799834E+06   0.100000E-29   0.237084E-25   0.100000E-29   0.100000E-29
  0.864968E+06   0.100000E-29   0.189247E-25   0.100000E-29   0.100000E-29
  0.935406E+06   0.100000E-29   0.150855E-25   0.100000E-29   0.100000E-29
  0.101158E+07   0.100000E-29   0.123253E-25   0.100000E-29   0.100000E-29
  0.109396E+07   0.100000E-29   0.981822E-26   0.100000E-29   0.100000E-29
  0.118304E+07   0.100000E-29   0.781621E-26   0.100000E-29   0.100000E-29
  0.127938E+07   0.100000E-29   0.637924E-26   0.100000E-29   0.100000E-29
  0.138357E+07   0.100000E-29   0.508827E-26   0.100000E-29   0.100000E-29
  0.149624E+07   0.100000E-29   0.404215E-26   0.100000E-29   0.100000E-29
  0.161808E+07   0.100000E-29   0.329227E-26   0.100000E-29   0.100000E-29
  0.174985E+07   0.100000E-29   0.261750E-26   0.100000E-29   0.100000E-29
  0.189234E+07   0.100000E-29   0.213594E-26   0.100000E-29   0.100000E-29
  0.204644E+07   0.100000E-29   0.169695E-26   0.100000E-29   0.100000E-29
  0.221309E+07   0.100000E-29   0.134962E-26   0.100000E-29   0.100000E-29
  0.239332E+07   0.100000E-29   0.109912E-26   0.100000E-29   0.100000E-29
  0.258821E+07   0.100000E-29   0.872583E-27   0.100000E-29   0.100000E-29
  0.279898E+07   0.100000E-29   0.692727E-27   0.100000E-29   0.100000E-29
  0.302691E+07   0.100000E-29   0.563810E-27   0.100000E-29   0.100000E-29
  0.327341E+07   0.100000E-29   0.447305E-27   0.100000E-29   0.100000E-29
  0.353997E+07   0.100000E-29   0.355309E-27   0.100000E-29   0.100000E-29
  0.382825E+07   0.100000E-29   0.289026E-27   0.100000E-29   0.100000E-29
  0.414000E+07   0.100000E-29   0.228883E-27   0.100000E-29   0.100000E-29
  0.447713E+07   0.100000E-29   0.181499E-27   0.100000E-29   0.100000E-29
  0.484172E+07   0.100000E-29   0.147738E-27   0.100000E-29   0.100000E-29
  0.523600E+07   0.100000E-29   0.115534E-27   0.100000E-29   0.100000E-29
  0.566239E+07   0.100000E-29   0.896169E-28   0.100000E-29   0.100000E-29
  0.612350E+07   0.100000E-29   0.703995E-28   0.100000E-29   0.100000E-29
  0.662217E+07   0.100000E-29   0.528392E-28   0.100000E-29   0.100000E-29
  0.716143E+07   0.100000E-29   0.384842E-28   0.100000E-29   0.100000E-29
  0.774462E+07   0.100000E-29   0.274460E-28   0.100000E-29   0.100000E-29
  0.837529E+07   0.100000E-29   0.170882E-28   0.100000E-29   0.100000E-29
  0.905733E+07   0.100000E-29   0.805742E-29   0.100000E-29   0.100000E-29
  0.979490E+07   0.100000E-29   0.100000E-29   0.100000E-29   0.100000E-29
  0.105925E+08   0.100000E-29   0.100000E-29   0.100000E-29   0.100000E-29
  0.114551E+08   0.100000E-29   0.100000E-29   0.100000E-29   0.100000E-29
  0.123880E+08   0.100000E-29   0.100000E-29   0.100000E-29   0.100000E-29
  0.133968E+08   0.100000E-29   0.100000E-29   0.100000E-29   0.100000E-29
  0.144877E+08   0.100000E-29   0.100000E-29   0.100000E-29   0.100000E-29
  0.156675E+08   0.100000E-29   0.100000E-29   0.100000E-29   0.100000E-29
  0.169434E+08   0.100000E-29   0.100000E-29   0.100000E-29   0.100000E-29
  0.183231E+08   0.100000E-29   0.100000E-29   0.100000E-29   0.100000E-29
  0.198153E+08   0.100000E-29   0.100000E-29   0.100000E-29   0.100000E-29
  0.214289E+08   0.100000E-29   0.100000E-29   0.100000E-29   0.100000E-29
  0.231739E+08   0.100000E-29   0.100000E-29   0.100000E-29   0.100000E-29
  0.250611E+08   0.100000E-29   0.100000E-29   0.100000E-29   0.100000E-29
  0.271019E+08   0.100000E-29   0.100000E-29   0.100000E-29   0.100000E-29
  0.293089E+08   0.100000E-29   0.100000E-29   0.100000E-29   0.100000E-29
  0.316957E+08   0.100000E-29   0.100000E-29   0.100000E-29   0.100000E-29
  0.342768E+08   0.100000E-29   0.100000E-29   0.100000E-29   0.100000E-29
  0.370681E+08   0.100000E-29   0.100000E-29   0.100000E-29   0.100000E-29
  0.400867E+08   0.100000E-29   0.100000E-29   0.100000E-29   0.100000E-29
  0.433511E+08   0.100000E-29   0.100000E-29   0.100000E-29   0.100000E-29
  0.468813E+08   0.100000E-29   0.100000E-29   0.100000E-29   0.100000E-29
  0.506991E+08   0.100000E-29   0.100000E-29   0.100000E-29   0.100000E-29
  0.548277E+08   0.100000E-29   0.100000E-29   0.100000E-29   0.100000E-29
  0.592925E+08   0.100000E-29   0.100000E-29   0.100000E-29   0.100000E-29
  0.641210E+08   0.100000E-29   0.100000E-29   0.100000E-29   0.100000E-29
  0.693426E+08   0.100000E-29   0.100000E-29   0.100000E-29   0.100000E-29
  0.749894E+08   0.100000E-29   0.100000E-29   0.100000E-29   0.100000E-29
  0.810961E+08   0.100000E-29   0.100000E-29   0.100000E-29   0.100000E-29
  0.877001E+08   0.100000E-29   0.100000E-29   0.100000E-29   0.100000E-29
  0.948418E+08   0.100000E-29   0.100000E-29   0.100000E-29   0.100000E-29
  0.102565E+09   0.100000E-29   0.100000E-29   0.100000E-29   0.100000E-29
  0.110917E+09   0.100000E-29   0.100000E-29   0.100000E-29   0.100000E-29
  0.119950E+09   0.100000E-29   0.100000E-29   0.100000E-29   0.100000E-29
  0.129718E+09   0.100000E-29   0.100000E-29   0.100000E-29   0.100000E-29
  0.140281E+09   0.100000E-29   0.100000E-29   0.100000E-29   0.100000E-29
  0.151705E+09   0.100000E-29   0.100000E-29   0.100000E-29   0.100000E-29
  0.164059E+09   0.100000E-29   0.100000E-29   0.100000E-29   0.100000E-29
  0.177419E+09   0.100000E-29   0.100000E-29   0.100000E-29   0.100000E-29
  0.191867E+09   0.100000E-29   0.100000E-29   0.100000E-29   0.100000E-29
  0.207491E+09   0.100000E-29   0.100000E-29   0.100000E-29   0.100000E-29
  0.224388E+09   0.100000E-29   0.100000E-29   0.100000E-29   0.100000E-29
  0.242661E+09   0.100000E-29   0.100000E-29   0.100000E-29   0.100000E-29
  0.262422E+09   0.100000E-29   0.100000E-29   0.100000E-29   0.100000E-29
  0.283792E+09   0.100000E-29   0.100000E-29   0.100000E-29   0.100000E-29
  0.306902E+09   0.100000E-29   0.100000E-29   0.100000E-29   0.100000E-29
  0.331894E+09   0.100000E-29   0.100000E-29   0.100000E-29   0.100000E-29
  0.358922E+09   0.100000E-29   0.100000E-29   0.100000E-29   0.100000E-29
  0.388150E+09   0.100000E-29   0.100000E-29   0.100000E-29   0.100000E-29
  0.419759E+09   0.100000E-29   0.100000E-29   0.100000E-29   0.100000E-29
  0.453942E+09   0.100000E-29   0.100000E-29   0.100000E-29   0.100000E-29
  0.490908E+09   0.100000E-29   0.100000E-29   0.100000E-29   0.100000E-29
  0.530884E+09   0.100000E-29   0.100000E-29   0.100000E-29   0.100000E-29
  0.574116E+09   0.100000E-29   0.100000E-29   0.100000E-29   0.100000E-29
  0.620869E+09   0.100000E-29   0.100000E-29   0.100000E-29   0.100000E-29
  0.671429E+09   0.100000E-29   0.100000E-29   0.100000E-29   0.100000E-29
  0.726106E+09   0.100000E-29   0.100000E-29   0.100000E-29   0.100000E-29
  0.785236E+09   0.100000E-29   0.100000E-29   0.100000E-29   0.100000E-29
  0.849180E+09   0.100000E-29   0.100000E-29   0.100000E-29   0.100000E-29
  0.918333E+09   0.100000E-29   0.100000E-29   0.100000E-29   0.100000E-29
  0.993116E+09   0.100000E-29   0.100000E-29   0.100000E-29   0.100000E-29
  0.107399E+10   0.100000E-29   0.100000E-29   0.100000E-29   0.100000E-29
  0.116145E+10   0.100000E-29   0.100000E-29   0.100000E-29   0.100000E-29
  0.125603E+10   0.100000E-29   0.100000E-29   0.100000E-29   0.100000E-29
  0.135831E+10   0.100000E-29   0.100000E-29   0.100000E-29   0.100000E-29
  0.146893E+10   0.100000E-29   0.100000E-29   0.100000E-29   0.100000E-29
  0.158855E+10   0.100000E-29   0.100000E-29   0.100000E-29   0.100000E-29
  0.171791E+10   0.100000E-29   0.100000E-29   0.100000E-29   0.100000E-29
  0.185780E+10   0.100000E-29   0.100000E-29   0.100000E-29   0.100000E-29
  0.200909E+10   0.100000E-29   0.100000E-29   0.100000E-29   0.100000E-29
  0.217270E+10   0.100000E-29   0.100000E-29   0.100000E-29   0.100000E-29
  0.234963E+10   0.100000E-29   0.100000E-29   0.100000E-29   0.100000E-29
  0.254097E+10   0.100000E-29   0.100000E-29   0.100000E-29   0.100000E-29
  0.274789E+10   0.100000E-29   0.100000E-29   0.100000E-29   0.100000E-29
  0.297167E+10   0.100000E-29   0.100000E-29   0.100000E-29   0.100000E-29
  0.321366E+10   0.100000E-29   0.100000E-29   0.100000E-29   0.100000E-29
  0.347536E+10   0.100000E-29   0.100000E-29   0.100000E-29   0.100000E-29
  0.375837E+10   0.100000E-29   0.100000E-29   0.100000E-29   0.100000E-29
  0.406443E+10   0.100000E-29   0.100000E-29   0.100000E-29   0.100000E-29
  0.439542E+10   0.100000E-29   0.100000E-29   0.100000E-29   0.100000E-29
  0.475335E+10   0.100000E-29   0.100000E-29   0.100000E-29   0.100000E-29
  0.514044E+10   0.100000E-29   0.100000E-29   0.100000E-29   0.100000E-29
  0.555904E+10   0.100000E-29   0.100000E-29   0.100000E-29   0.100000E-29
  0.601174E+10   0.100000E-29   0.100000E-29   0.100000E-29   0.100000E-29
  0.650130E+10   0.100000E-29   0.100000E-29   0.100000E-29   0.100000E-29
  0.703072E+10   0.100000E-29   0.100000E-29   0.100000E-29   0.100000E-29
  0.760326E+10   0.100000E-29   0.100000E-29   0.100000E-29   0.100000E-29
  0.822243E+10   0.100000E-29   0.100000E-29   0.100000E-29   0.100000E-29
  0.889201E+10   0.100000E-29   0.100000E-29   0.100000E-29   0.100000E-29
  0.961612E+10   0.100000E-29   0.100000E-29   0.100000E-29   0.100000E-29
