  0.103992E-06   0.331516E+39   0.100000E-29   0.200284E+26   0.106902E+20
  0.112460E-06   0.387707E+39   0.100000E-29   0.234202E+26   0.125022E+20
  0.121619E-06   0.453422E+39   0.100000E-29   0.273861E+26   0.146213E+20
  0.131522E-06   0.530276E+39   0.193282E-20   0.320233E+26   0.170996E+20
  0.142233E-06   0.620156E+39   0.213841E-20   0.374451E+26   0.199979E+20
  0.153815E-06   0.725271E+39   0.100000E-29   0.437843E+26   0.233875E+20
  0.166341E-06   0.848202E+39   0.100000E-29   0.511959E+26   0.273516E+20
  0.179887E-06   0.991969E+39   0.357142E-20   0.598613E+26   0.319877E+20
  0.194536E-06   0.116010E+40   0.427700E-20   0.699921E+26   0.374095E+20
  0.210378E-06   0.135674E+40   0.100000E-29   0.818361E+26   0.437503E+20
  0.227510E-06   0.158670E+40   0.100000E-29   0.956823E+26   0.511659E+20
  0.246037E-06   0.185564E+40   0.100000E-29   0.111869E+27   0.598383E+20
  0.266073E-06   0.217016E+40   0.401334E-20   0.130791E+27   0.699807E+20
  0.287740E-06   0.253799E+40   0.391364E-20   0.152909E+27   0.818421E+20
  0.311172E-06   0.296816E+40   0.442730E-20   0.178763E+27   0.957141E+20
  0.336512E-06   0.347125E+40   0.535700E-20   0.208983E+27   0.111937E+21
  0.363915E-06   0.405960E+40   0.539928E-20   0.244304E+27   0.130910E+21
  0.393550E-06   0.474767E+40   0.709507E-20   0.285584E+27   0.153099E+21
  0.425598E-06   0.555237E+40   0.835909E-20   0.333828E+27   0.179048E+21
  0.460257E-06   0.649345E+40   0.877773E-20   0.390205E+27   0.209396E+21
  0.497737E-06   0.759403E+40   0.116296E-19   0.456084E+27   0.244887E+21
  0.538270E-06   0.888115E+40   0.136715E-19   0.533061E+27   0.286394E+21
  0.582103E-06   0.103864E+41   0.142659E-19   0.622998E+27   0.334936E+21
  0.629506E-06   0.121468E+41   0.186780E-19   0.728070E+27   0.391705E+21
  0.680769E-06   0.142055E+41   0.219076E-19   0.850813E+27   0.458095E+21
  0.736207E-06   0.166132E+41   0.229514E-19   0.994184E+27   0.535739E+21
  0.796159E-06   0.194289E+41   0.301132E-19   0.116163E+28   0.626541E+21
  0.860994E-06   0.227218E+41   0.352779E-19   0.135719E+28   0.732734E+21
  0.931108E-06   0.265728E+41   0.368115E-19   0.158553E+28   0.856924E+21
  0.100693E-05   0.310764E+41   0.484022E-19   0.185213E+28   0.100216E+22
  0.108893E-05   0.363433E+41   0.569838E-19   0.216336E+28   0.117202E+22
  0.117761E-05   0.425028E+41   0.589377E-19   0.252662E+28   0.137066E+22
  0.127350E-05   0.497061E+41   0.778694E-19   0.295055E+28   0.160297E+22
  0.137721E-05   0.581302E+41   0.907492E-19   0.344520E+28   0.187464E+22
  0.148936E-05   0.679818E+41   0.965466E-19   0.402225E+28   0.219236E+22
  0.161065E-05   0.795028E+41   0.123559E-18   0.469529E+28   0.256393E+22
  0.174181E-05   0.929762E+41   0.146459E-18   0.548012E+28   0.299847E+22
  0.188365E-05   0.108733E+42   0.152512E-18   0.639507E+28   0.350664E+22
  0.203704E-05   0.127159E+42   0.201996E-18   0.746145E+28   0.410094E+22
  0.220293E-05   0.148708E+42   0.234836E-18   0.870396E+28   0.479595E+22
  0.238232E-05   0.173908E+42   0.244095E-18   0.101512E+29   0.560873E+22
  0.257632E-05   0.203378E+42   0.322583E-18   0.118365E+29   0.655926E+22
  0.278612E-05   0.237841E+42   0.380152E-18   0.137981E+29   0.767085E+22
  0.301301E-05   0.278144E+42   0.390644E-18   0.160806E+29   0.897080E+22
  0.325837E-05   0.325274E+42   0.519556E-18   0.187351E+29   0.104910E+23
  0.352371E-05   0.380389E+42   0.616720E-18   0.218210E+29   0.122688E+23
  0.381066E-05   0.444841E+42   0.646933E-18   0.254066E+29   0.143479E+23
  0.412098E-05   0.520211E+42   0.862254E-18   0.295705E+29   0.167792E+23
  0.445656E-05   0.608349E+42   0.102440E-17   0.344029E+29   0.196225E+23
  0.481948E-05   0.711415E+42   0.106893E-17   0.400078E+29   0.229475E+23
  0.521195E-05   0.831939E+42   0.139324E-17   0.465039E+29   0.268357E+23
  0.563638E-05   0.972875E+42   0.161271E-17   0.540271E+29   0.313827E+23
  0.609537E-05   0.113768E+43   0.166628E-17   0.627326E+29   0.367000E+23
  0.659174E-05   0.133039E+43   0.216343E-17   0.727969E+29   0.429180E+23
  0.712853E-05   0.155574E+43   0.252406E-17   0.844205E+29   0.501893E+23
  0.770903E-05   0.181924E+43   0.262236E-17   0.978304E+29   0.586921E+23
  0.833681E-05   0.212735E+43   0.344481E-17   0.113283E+30   0.686351E+23
  0.901571E-05   0.248762E+43   0.407613E-17   0.131065E+30   0.802620E+23
  0.974990E-05   0.290887E+43   0.479156E-17   0.151500E+30   0.938579E+23
  0.105439E-04   0.340142E+43   0.568999E-17   0.174946E+30   0.109756E+24
  0.114025E-04   0.397733E+43   0.666499E-17   0.201802E+30   0.128346E+24
  0.123310E-04   0.465068E+43   0.784454E-17   0.232504E+30   0.150083E+24
  0.133352E-04   0.543795E+43   0.944762E-17   0.267532E+30   0.175501E+24
  0.144212E-04   0.635839E+43   0.115493E-16   0.307403E+30   0.205220E+24
  0.155955E-04   0.743450E+43   0.128949E-16   0.352673E+30   0.239970E+24
  0.168655E-04   0.869259E+43   0.140556E-16   0.403930E+30   0.280601E+24
  0.182390E-04   0.101634E+44   0.149397E-16   0.461787E+30   0.328108E+24
  0.197242E-04   0.118828E+44   0.146325E-16   0.526871E+30   0.383651E+24
  0.213304E-04   0.138927E+44   0.173644E-16   0.599807E+30   0.448591E+24
  0.230675E-04   0.162423E+44   0.163581E-16   0.681194E+30   0.524515E+24
  0.249459E-04   0.189887E+44   0.193651E-16   0.771582E+30   0.613278E+24
  0.269774E-04   0.221989E+44   0.203359E-16   0.871432E+30   0.717048E+24
  0.291743E-04   0.259510E+44   0.190924E-16   0.981073E+30   0.838360E+24
  0.315500E-04   0.303362E+44   0.226142E-16   0.110065E+31   0.980175E+24
  0.341193E-04   0.354612E+44   0.236068E-16   0.123005E+31   0.114595E+25
  0.368978E-04   0.414503E+44   0.221900E-16   0.136884E+31   0.133973E+25
  0.399025E-04   0.484490E+44   0.262734E-16   0.151620E+31   0.156623E+25
  0.431519E-04   0.566267E+44   0.277060E-16   0.167079E+31   0.183097E+25
  0.466659E-04   0.661815E+44   0.262908E-16   0.183070E+31   0.214039E+25
  0.504661E-04   0.773444E+44   0.309266E-16   0.199337E+31   0.250201E+25
  0.545758E-04   0.903848E+44   0.328474E-16   0.215550E+31   0.292462E+25
  0.590201E-04   0.105617E+45   0.310250E-16   0.231302E+31   0.341847E+25
  0.638263E-04   0.123409E+45   0.368447E-16   0.246110E+31   0.399552E+25
  0.690240E-04   0.144186E+45   0.388180E-16   0.259425E+31   0.466976E+25
  0.746449E-04   0.168449E+45   0.364997E-16   0.270641E+31   0.545749E+25
  0.807235E-04   0.196777E+45   0.431501E-16   0.279127E+31   0.637774E+25
  0.872971E-04   0.229848E+45   0.448795E-16   0.284256E+31   0.745270E+25
  0.944061E-04   0.268449E+45   0.417214E-16   0.285460E+31   0.870828E+25
  0.102094E-03   0.313500E+45   0.488902E-16   0.282279E+31   0.101746E+26
  0.110408E-03   0.366067E+45   0.504731E-16   0.274425E+31   0.118870E+26
  0.119399E-03   0.427395E+45   0.461107E-16   0.261837E+31   0.138864E+26
  0.129122E-03   0.498928E+45   0.532959E-16   0.244735E+31   0.162206E+26
  0.139637E-03   0.582346E+45   0.542428E-16   0.223638E+31   0.189453E+26
  0.151008E-03   0.679601E+45   0.495751E-16   0.199360E+31   0.221253E+26
  0.163305E-03   0.792959E+45   0.560579E-16   0.172968E+31   0.258361E+26
  0.176604E-03   0.925049E+45   0.578708E-16   0.145697E+31   0.301655E+26
  0.190985E-03   0.107892E+46   0.508127E-16   0.118834E+31   0.352156E+26
  0.206538E-03   0.125811E+46   0.574839E-16   0.935837E+30   0.411052E+26
  0.223357E-03   0.146670E+46   0.587197E-16   0.709437E+30   0.479721E+26
  0.241546E-03   0.170942E+46   0.520280E-16   0.516026E+30   0.559766E+26
  0.261216E-03   0.199175E+46   0.578946E-16   0.358891E+30   0.653045E+26
  0.282488E-03   0.232000E+46   0.580020E-16   0.237777E+30   0.761715E+26
  0.305492E-03   0.270144E+46   0.520232E-16   0.149468E+30   0.888274E+26
  0.330370E-03   0.314445E+46   0.574019E-16   0.887617E+29   0.103562E+27
  0.357273E-03   0.365868E+46   0.560180E-16   0.495654E+29   0.120709E+27
  0.386367E-03   0.425520E+46   0.499614E-16   0.258955E+29   0.140656E+27
  0.417830E-03   0.494669E+46   0.556155E-16   0.125895E+29   0.163851E+27
  0.451856E-03   0.574766E+46   0.536723E-16   0.566212E+28   0.190808E+27
  0.488652E-03   0.667469E+46   0.531876E-16   0.234091E+28   0.222121E+27
  0.528445E-03   0.774666E+46   0.507265E-16   0.883583E+27   0.258473E+27
  0.571479E-03   0.898501E+46   0.529258E-16   0.302236E+27   0.300650E+27
  0.618016E-03   0.104141E+47   0.454712E-16   0.929389E+26   0.349552E+27
  0.668344E-03   0.120612E+47   0.501718E-16   0.254705E+26   0.406208E+27
  0.722770E-03   0.139574E+47   0.469535E-16   0.616299E+25   0.471795E+27
  0.781628E-03   0.161372E+47   0.452964E-16   0.130333E+25   0.547655E+27
  0.845279E-03   0.186391E+47   0.436546E-16   0.238269E+24   0.635314E+27
  0.914113E-03   0.215060E+47   0.472243E-16   0.372114E+23   0.736501E+27
  0.988553E-03   0.247851E+47   0.460203E-16   0.490129E+22   0.853170E+27
  0.106905E-02   0.285281E+47   0.424249E-16   0.536967E+21   0.987523E+27
  0.115611E-02   0.327910E+47   0.417448E-16   0.482027E+20   0.114203E+28
  0.125026E-02   0.376341E+47   0.378774E-16   0.348849E+19   0.131945E+28
  0.135207E-02   0.431214E+47   0.353643E-16   0.199999E+18   0.152284E+28
  0.146218E-02   0.493201E+47   0.297040E-16   0.891258E+16   0.175560E+28
  0.158125E-02   0.562989E+47   0.458001E-16   0.302449E+15   0.202143E+28
  0.171002E-02   0.641269E+47   0.412279E-16   0.764435E+13   0.232437E+28
  0.184927E-02   0.728711E+47   0.366878E-16   0.140491E+12   0.266879E+28
  0.199986E-02   0.825937E+47   0.337428E-16   0.182938E+10   0.305931E+28
  0.216272E-02   0.933483E+47   0.301486E-16   0.164105E+08   0.350082E+28
  0.233884E-02   0.105175E+48   0.236974E-16   0.983838E+05   0.399836E+28
  0.252930E-02   0.118095E+48   0.241023E-16   0.381467E+03   0.455702E+28
  0.273527E-02   0.132103E+48   0.210068E-16   0.923228E+00   0.518179E+28
  0.295801E-02   0.147162E+48   0.170362E-16   0.134218E-02   0.587736E+28
  0.319890E-02   0.163191E+48   0.170015E-16   0.112445E-05   0.664787E+28
  0.345939E-02   0.180057E+48   0.378341E-16   0.519037E-09   0.749657E+28
  0.374111E-02   0.197565E+48   0.385628E-16   0.125750E-12   0.842545E+28
  0.404576E-02   0.215451E+48   0.334098E-16   0.151731E-16   0.943472E+28
  0.437522E-02   0.233370E+48   0.254552E-16   0.861466E-21   0.105223E+29
  0.473151E-02   0.250895E+48   0.176417E-16   0.216442E-25   0.116831E+29
  0.511682E-02   0.267513E+48   0.151717E-16   0.100000E-29   0.129086E+29
  0.553350E-02   0.282634E+48   0.118820E-16   0.100000E-29   0.141856E+29
  0.598412E-02   0.295603E+48   0.849666E-17   0.100000E-29   0.154962E+29
  0.647143E-02   0.305728E+48   0.952214E-17   0.100000E-29   0.168165E+29
  0.699842E-02   0.312314E+48   0.703472E-17   0.100000E-29   0.181169E+29
  0.756833E-02   0.314712E+48   0.813149E-17   0.100000E-29   0.193613E+29
  0.818465E-02   0.312383E+48   0.247347E-16   0.100000E-29   0.205076E+29
  0.885116E-02   0.304958E+48   0.130850E-16   0.100000E-29   0.215089E+29
  0.957194E-02   0.292307E+48   0.171340E-16   0.100000E-29   0.223148E+29
  0.103514E-01   0.274593E+48   0.493515E-15   0.100000E-29   0.228737E+29
  0.111944E-01   0.252311E+48   0.136988E-16   0.100000E-29   0.231369E+29
  0.121060E-01   0.226284E+48   0.143895E-16   0.100000E-29   0.230618E+29
  0.130918E-01   0.197630E+48   0.297785E-17   0.100000E-29   0.226176E+29
  0.141579E-01   0.167675E+48   0.734273E-17   0.100000E-29   0.217895E+29
  0.153109E-01   0.137838E+48   0.445310E-17   0.100000E-29   0.205835E+29
  0.165577E-01   0.109480E+48   0.312045E-17   0.100000E-29   0.190293E+29
  0.179061E-01   0.837678E+47   0.185485E-17   0.100000E-29   0.171811E+29
  0.193642E-01   0.615464E+47   0.931026E-18   0.100000E-29   0.151158E+29
  0.209411E-01   0.432742E+47   0.600995E-18   0.100000E-29   0.129276E+29
  0.226464E-01   0.290109E+47   0.341822E-18   0.100000E-29   0.107202E+29
  0.244906E-01   0.184710E+47   0.414936E-18   0.100000E-29   0.859582E+28
  0.264850E-01   0.111217E+47   0.104325E-17   0.100000E-29   0.664507E+28
  0.286418E-01   0.630404E+46   0.356168E-18   0.100000E-29   0.493716E+28
  0.309742E-01   0.334727E+46   0.140828E-18   0.100000E-29   0.351368E+28
  0.334965E-01   0.165604E+46   0.578361E-19   0.100000E-29   0.238667E+28
  0.362243E-01   0.759031E+45   0.377537E-18   0.100000E-29   0.154130E+28
  0.391742E-01   0.320296E+45   0.774415E-19   0.100000E-29   0.942412E+27
  0.423643E-01   0.123602E+45   0.292771E-16   0.100000E-29   0.543134E+27
  0.458142E-01   0.433027E+44   0.233786E-19   0.100000E-29   0.293621E+27
  0.495450E-01   0.136649E+44   0.333638E-19   0.100000E-29   0.148120E+27
  0.535797E-01   0.385122E+43   0.337825E-19   0.100000E-29   0.693320E+26
  0.579429E-01   0.960498E+42   0.281349E-18   0.100000E-29   0.299297E+26
  0.626614E-01   0.209882E+42   0.137094E-18   0.100000E-29   0.118374E+26
  0.677642E-01   0.397520E+41   0.432797E-19   0.100000E-29   0.425890E+25
  0.732825E-01   0.645046E+40   0.109743E-18   0.100000E-29   0.138318E+25
  0.792501E-01   0.885528E+39   0.952780E-20   0.100000E-29   0.402144E+24
  0.857038E-01   0.101457E+39   0.199169E-19   0.100000E-29   0.103726E+24
  0.926830E-01   0.955935E+37   0.476132E-19   0.100000E-29   0.235053E+23
  0.100231E+00   0.729006E+36   0.821068E-20   0.100000E-29   0.463057E+22
  0.108393E+00   0.442292E+35   0.221273E-20   0.100000E-29   0.784049E+21
  0.117220E+00   0.209544E+34   0.778548E-20   0.100000E-29   0.112703E+21
  0.126765E+00   0.759765E+32   0.958847E-20   0.100000E-29   0.135713E+20
  0.137088E+00   0.206283E+31   0.586004E-20   0.100000E-29   0.134939E+19
  0.148252E+00   0.409638E+29   0.313298E-20   0.100000E-29   0.109072E+18
  0.160325E+00   0.579994E+27   0.385536E-20   0.100000E-29   0.704723E+16
  0.173380E+00   0.569602E+25   0.389333E-19   0.100000E-29   0.357386E+15
  0.187499E+00   0.376622E+23   0.634765E-20   0.100000E-29   0.139477E+14
  0.202768E+00   0.162344E+21   0.232769E-20   0.100000E-29   0.410064E+12
  0.219280E+00   0.440584E+18   0.246226E-20   0.100000E-29   0.887495E+10
  0.237137E+00   0.724976E+15   0.209370E-20   0.100000E-29   0.137915E+09
  0.256448E+00   0.694423E+12   0.105153E-19   0.100000E-29   0.149787E+07
  0.277332E+00   0.370504E+09   0.168751E-20   0.100000E-29   0.110429E+05
  0.299916E+00   0.104987E+06   0.169584E-20   0.100000E-29   0.535469E+02
  0.324340E+00   0.150063E+02   0.130191E-20   0.100000E-29   0.165049E+00
  0.350752E+00   0.102330E-02   0.541681E-20   0.100000E-29   0.311672E-03
  0.379315E+00   0.313437E-07   0.538851E-20   0.100000E-29   0.346461E-06
  0.410204E+00   0.404026E-12   0.497352E-20   0.100000E-29   0.217144E-09
  0.443609E+00   0.204255E-17   0.101580E-20   0.100000E-29   0.732331E-13
  0.479733E+00   0.375262E-23   0.152485E-20   0.100000E-29   0.126363E-16
  0.518800E+00   0.230727E-29   0.140859E-20   0.100000E-29   0.105629E-20
  0.561048E+00   0.100000E-29   0.366941E-20   0.100000E-29   0.403241E-25
  0.606736E+00   0.100000E-29   0.501674E-21   0.100000E-29   0.100000E-29
  0.656145E+00   0.100000E-29   0.204873E-20   0.100000E-29   0.100000E-29
  0.709578E+00   0.100000E-29   0.409582E-21   0.100000E-29   0.100000E-29
  0.767361E+00   0.100000E-29   0.497418E-20   0.100000E-29   0.100000E-29
  0.829851E+00   0.100000E-29   0.432882E-21   0.100000E-29   0.100000E-29
  0.897429E+00   0.100000E-29   0.441796E-20   0.100000E-29   0.100000E-29
  0.970510E+00   0.100000E-29   0.281630E-21   0.100000E-29   0.100000E-29
  0.104954E+01   0.100000E-29   0.278564E-21   0.100000E-29   0.100000E-29
  0.113501E+01   0.100000E-29   0.204720E-21   0.100000E-29   0.100000E-29
  0.122744E+01   0.100000E-29   0.366900E-21   0.100000E-29   0.100000E-29
  0.132739E+01   0.100000E-29   0.162169E-20   0.100000E-29   0.100000E-29
  0.143549E+01   0.100000E-29   0.256562E-21   0.100000E-29   0.100000E-29
  0.155239E+01   0.100000E-29   0.408888E-21   0.100000E-29   0.100000E-29
  0.167880E+01   0.100000E-29   0.299367E-21   0.100000E-29   0.100000E-29
  0.181552E+01   0.100000E-29   0.241460E-20   0.100000E-29   0.100000E-29
  0.196336E+01   0.100000E-29   0.304233E-21   0.100000E-29   0.100000E-29
  0.212324E+01   0.100000E-29   0.363444E-21   0.100000E-29   0.100000E-29
  0.229615E+01   0.100000E-29   0.382159E-21   0.100000E-29   0.100000E-29
  0.248313E+01   0.100000E-29   0.603330E-21   0.100000E-29   0.100000E-29
  0.268534E+01   0.100000E-29   0.435383E-21   0.100000E-29   0.100000E-29
  0.290402E+01   0.100000E-29   0.433973E-21   0.100000E-29   0.100000E-29
  0.314051E+01   0.100000E-29   0.426878E-21   0.100000E-29   0.100000E-29
  0.339625E+01   0.100000E-29   0.471317E-21   0.100000E-29   0.100000E-29
  0.367282E+01   0.100000E-29   0.474035E-21   0.100000E-29   0.100000E-29
  0.397192E+01   0.100000E-29   0.424739E-21   0.100000E-29   0.100000E-29
  0.429536E+01   0.100000E-29   0.475341E-21   0.100000E-29   0.100000E-29
  0.464515E+01   0.100000E-29   0.476052E-21   0.100000E-29   0.100000E-29
  0.502343E+01   0.100000E-29   0.462234E-21   0.100000E-29   0.100000E-29
  0.543250E+01   0.100000E-29   0.471684E-21   0.100000E-29   0.100000E-29
  0.587489E+01   0.100000E-29   0.441237E-21   0.100000E-29   0.100000E-29
  0.635331E+01   0.100000E-29   0.415456E-21   0.100000E-29   0.100000E-29
  0.687068E+01   0.100000E-29   0.394217E-21   0.100000E-29   0.100000E-29
  0.743019E+01   0.100000E-29   0.417482E-21   0.100000E-29   0.100000E-29
  0.803526E+01   0.100000E-29   0.329083E-21   0.100000E-29   0.100000E-29
  0.868960E+01   0.100000E-29   0.313919E-21   0.100000E-29   0.100000E-29
  0.939723E+01   0.100000E-29   0.292312E-21   0.100000E-29   0.100000E-29
  0.101625E+02   0.100000E-29   0.280031E-21   0.100000E-29   0.100000E-29
  0.109901E+02   0.100000E-29   0.260964E-21   0.100000E-29   0.100000E-29
  0.118850E+02   0.100000E-29   0.219002E-21   0.100000E-29   0.100000E-29
  0.128529E+02   0.100000E-29   0.231387E-21   0.100000E-29   0.100000E-29
  0.138995E+02   0.100000E-29   0.214051E-21   0.100000E-29   0.100000E-29
  0.150314E+02   0.100000E-29   0.198430E-21   0.100000E-29   0.100000E-29
  0.162555E+02   0.100000E-29   0.186536E-21   0.100000E-29   0.100000E-29
  0.175792E+02   0.100000E-29   0.171572E-21   0.100000E-29   0.100000E-29
  0.190108E+02   0.100000E-29   0.142315E-21   0.100000E-29   0.100000E-29
  0.205589E+02   0.100000E-29   0.149180E-21   0.100000E-29   0.100000E-29
  0.222331E+02   0.100000E-29   0.136662E-21   0.100000E-29   0.100000E-29
  0.240436E+02   0.100000E-29   0.114401E-21   0.100000E-29   0.100000E-29
  0.260016E+02   0.100000E-29   0.118831E-21   0.100000E-29   0.100000E-29
  0.281190E+02   0.100000E-29   0.109276E-21   0.100000E-29   0.100000E-29
  0.304089E+02   0.100000E-29   0.893880E-22   0.100000E-29   0.100000E-29
  0.328852E+02   0.100000E-29   0.942510E-22   0.100000E-29   0.100000E-29
  0.355631E+02   0.100000E-29   0.856600E-22   0.100000E-29   0.100000E-29
  0.384592E+02   0.100000E-29   0.707226E-22   0.100000E-29   0.100000E-29
  0.415911E+02   0.100000E-29   0.737260E-22   0.100000E-29   0.100000E-29
  0.449780E+02   0.100000E-29   0.676366E-22   0.100000E-29   0.100000E-29
  0.486407E+02   0.100000E-29   0.551761E-22   0.100000E-29   0.100000E-29
  0.526017E+02   0.100000E-29   0.575090E-22   0.100000E-29   0.100000E-29
  0.568853E+02   0.100000E-29   0.529972E-22   0.100000E-29   0.100000E-29
  0.615177E+02   0.100000E-29   0.434577E-22   0.100000E-29   0.100000E-29
  0.665273E+02   0.100000E-29   0.449707E-22   0.100000E-29   0.100000E-29
  0.719449E+02   0.100000E-29   0.411725E-22   0.100000E-29   0.100000E-29
  0.778037E+02   0.100000E-29   0.338863E-22   0.100000E-29   0.100000E-29
  0.841395E+02   0.100000E-29   0.350255E-22   0.100000E-29   0.100000E-29
  0.909913E+02   0.100000E-29   0.320458E-22   0.100000E-29   0.100000E-29
  0.984011E+02   0.100000E-29   0.263422E-22   0.100000E-29   0.100000E-29
  0.106414E+03   0.100000E-29   0.260908E-22   0.100000E-29   0.100000E-29
  0.115080E+03   0.100000E-29   0.220021E-22   0.100000E-29   0.100000E-29
  0.124451E+03   0.100000E-29   0.166136E-22   0.100000E-29   0.100000E-29
  0.134586E+03   0.100000E-29   0.158420E-22   0.100000E-29   0.100000E-29
  0.145546E+03   0.100000E-29   0.122176E-22   0.100000E-29   0.100000E-29
  0.157398E+03   0.100000E-29   0.113864E-22   0.100000E-29   0.100000E-29
  0.170216E+03   0.100000E-29   0.955833E-23   0.100000E-29   0.100000E-29
  0.184077E+03   0.100000E-29   0.803430E-23   0.100000E-29   0.100000E-29
  0.199067E+03   0.100000E-29   0.690738E-23   0.100000E-29   0.100000E-29
  0.215278E+03   0.100000E-29   0.575179E-23   0.100000E-29   0.100000E-29
  0.232809E+03   0.100000E-29   0.484249E-23   0.100000E-29   0.100000E-29
  0.251768E+03   0.100000E-29   0.415298E-23   0.100000E-29   0.100000E-29
  0.272270E+03   0.100000E-29   0.345259E-23   0.100000E-29   0.100000E-29
  0.294442E+03   0.100000E-29   0.261059E-23   0.100000E-29   0.100000E-29
  0.318420E+03   0.100000E-29   0.246225E-23   0.100000E-29   0.100000E-29
  0.344350E+03   0.100000E-29   0.202864E-23   0.100000E-29   0.100000E-29
  0.372392E+03   0.100000E-29   0.151768E-23   0.100000E-29   0.100000E-29
  0.402717E+03   0.100000E-29   0.143611E-23   0.100000E-29   0.100000E-29
  0.435512E+03   0.100000E-29   0.120315E-23   0.100000E-29   0.100000E-29
  0.470977E+03   0.100000E-29   0.883393E-24   0.100000E-29   0.100000E-29
  0.509331E+03   0.100000E-29   0.836283E-24   0.100000E-29   0.100000E-29
  0.550808E+03   0.100000E-29   0.690809E-24   0.100000E-29   0.100000E-29
  0.595662E+03   0.100000E-29   0.510699E-24   0.100000E-29   0.100000E-29
  0.644169E+03   0.100000E-29   0.476544E-24   0.100000E-29   0.100000E-29
  0.696627E+03   0.100000E-29   0.391959E-24   0.100000E-29   0.100000E-29
  0.753356E+03   0.100000E-29   0.288460E-24   0.100000E-29   0.100000E-29
  0.814704E+03   0.100000E-29   0.271039E-24   0.100000E-29   0.100000E-29
  0.881049E+03   0.100000E-29   0.222028E-24   0.100000E-29   0.100000E-29
  0.952796E+03   0.100000E-29   0.162029E-24   0.100000E-29   0.100000E-29
  0.103039E+04   0.100000E-29   0.151692E-24   0.100000E-29   0.100000E-29
  0.111429E+04   0.100000E-29   0.123067E-24   0.100000E-29   0.100000E-29
  0.120504E+04   0.100000E-29   0.904792E-25   0.100000E-29   0.100000E-29
  0.130317E+04   0.100000E-29   0.834881E-25   0.100000E-29   0.100000E-29
  0.140929E+04   0.100000E-29   0.678265E-25   0.100000E-29   0.100000E-29
  0.152405E+04   0.100000E-29   0.494888E-25   0.100000E-29   0.100000E-29
  0.164816E+04   0.100000E-29   0.450072E-25   0.100000E-29   0.100000E-29
  0.178238E+04   0.100000E-29   0.368863E-25   0.100000E-29   0.100000E-29
  0.192752E+04   0.100000E-29   0.270849E-25   0.100000E-29   0.100000E-29
  0.208449E+04   0.100000E-29   0.249649E-25   0.100000E-29   0.100000E-29
  0.225424E+04   0.100000E-29   0.202655E-25   0.100000E-29   0.100000E-29
  0.243781E+04   0.100000E-29   0.144403E-25   0.100000E-29   0.100000E-29
  0.263633E+04   0.100000E-29   0.133524E-25   0.100000E-29   0.100000E-29
  0.285102E+04   0.100000E-29   0.108784E-25   0.100000E-29   0.100000E-29
  0.308319E+04   0.100000E-29   0.782166E-26   0.100000E-29   0.100000E-29
  0.333426E+04   0.100000E-29   0.717163E-26   0.100000E-29   0.100000E-29
  0.360579E+04   0.100000E-29   0.576778E-26   0.100000E-29   0.100000E-29
  0.389942E+04   0.100000E-29   0.414046E-26   0.100000E-29   0.100000E-29
  0.421697E+04   0.100000E-29   0.380842E-26   0.100000E-29   0.100000E-29
  0.456037E+04   0.100000E-29   0.305708E-26   0.100000E-29   0.100000E-29
  0.493174E+04   0.100000E-29   0.219970E-26   0.100000E-29   0.100000E-29
  0.533335E+04   0.100000E-29   0.199937E-26   0.100000E-29   0.100000E-29
  0.576766E+04   0.100000E-29   0.160206E-26   0.100000E-29   0.100000E-29
  0.623735E+04   0.100000E-29   0.131236E-26   0.100000E-29   0.100000E-29
  0.674528E+04   0.100000E-29   0.105050E-26   0.100000E-29   0.100000E-29
  0.729458E+04   0.100000E-29   0.844099E-27   0.100000E-29   0.100000E-29
  0.788860E+04   0.100000E-29   0.687458E-27   0.100000E-29   0.100000E-29
  0.853100E+04   0.100000E-29   0.548809E-27   0.100000E-29   0.100000E-29
  0.922571E+04   0.100000E-29   0.438368E-27   0.100000E-29   0.100000E-29
  0.997700E+04   0.100000E-29   0.360279E-27   0.100000E-29   0.100000E-29
  0.107895E+05   0.100000E-29   0.285860E-27   0.100000E-29   0.100000E-29
  0.116681E+05   0.100000E-29   0.227824E-27   0.100000E-29   0.100000E-29
  0.126183E+05   0.100000E-29   0.187014E-27   0.100000E-29   0.100000E-29
  0.136458E+05   0.100000E-29   0.149098E-27   0.100000E-29   0.100000E-29
  0.147571E+05   0.100000E-29   0.107293E-27   0.100000E-29   0.100000E-29
  0.159588E+05   0.100000E-29   0.963276E-28   0.100000E-29   0.100000E-29
  0.172584E+05   0.100000E-29   0.763609E-28   0.100000E-29   0.100000E-29
  0.186638E+05   0.100000E-29   0.610640E-28   0.100000E-29   0.100000E-29
  0.201837E+05   0.100000E-29   0.500439E-28   0.100000E-29   0.100000E-29
  0.218273E+05   0.100000E-29   0.393300E-28   0.100000E-29   0.100000E-29
  0.236048E+05   0.100000E-29   0.280580E-28   0.100000E-29   0.100000E-29
  0.255270E+05   0.100000E-29   0.258762E-28   0.100000E-29   0.100000E-29
  0.276058E+05   0.100000E-29   0.203669E-28   0.100000E-29   0.100000E-29
  0.298538E+05   0.100000E-29   0.146065E-28   0.100000E-29   0.100000E-29
  0.322849E+05   0.100000E-29   0.133033E-28   0.100000E-29   0.100000E-29
  0.349140E+05   0.100000E-29   0.105092E-28   0.100000E-29   0.100000E-29
  0.377572E+05   0.100000E-29   0.740501E-29   0.100000E-29   0.100000E-29
  0.408319E+05   0.100000E-29   0.674927E-29   0.100000E-29   0.100000E-29
  0.441570E+05   0.100000E-29   0.535789E-29   0.100000E-29   0.100000E-29
  0.477529E+05   0.100000E-29   0.381906E-29   0.100000E-29   0.100000E-29
  0.516416E+05   0.100000E-29   0.345705E-29   0.100000E-29   0.100000E-29
  0.558470E+05   0.100000E-29   0.275617E-29   0.100000E-29   0.100000E-29
  0.603949E+05   0.100000E-29   0.196188E-29   0.100000E-29   0.100000E-29
  0.653131E+05   0.100000E-29   0.177600E-29   0.100000E-29   0.100000E-29
  0.706318E+05   0.100000E-29   0.140066E-29   0.100000E-29   0.100000E-29
  0.763836E+05   0.100000E-29   0.100250E-29   0.100000E-29   0.100000E-29
  0.826038E+05   0.100000E-29   0.100000E-29   0.100000E-29   0.100000E-29
  0.893305E+05   0.100000E-29   0.100000E-29   0.100000E-29   0.100000E-29
  0.966051E+05   0.100000E-29   0.100000E-29   0.100000E-29   0.100000E-29
  0.104472E+06   0.100000E-29   0.100000E-29   0.100000E-29   0.100000E-29
  0.112980E+06   0.100000E-29   0.100000E-29   0.100000E-29   0.100000E-29
  0.122180E+06   0.100000E-29   0.100000E-29   0.100000E-29   0.100000E-29
  0.132130E+06   0.100000E-29   0.100000E-29   0.100000E-29   0.100000E-29
  0.142889E+06   0.100000E-29   0.100000E-29   0.100000E-29   0.100000E-29
  0.154525E+06   0.100000E-29   0.100000E-29   0.100000E-29   0.100000E-29
  0.167109E+06   0.100000E-29   0.100000E-29   0.100000E-29   0.100000E-29
  0.180717E+06   0.100000E-29   0.100000E-29   0.100000E-29   0.100000E-29
  0.195434E+06   0.100000E-29   0.100000E-29   0.100000E-29   0.100000E-29
  0.211349E+06   0.100000E-29   0.100000E-29   0.100000E-29   0.100000E-29
  0.228560E+06   0.100000E-29   0.100000E-29   0.100000E-29   0.100000E-29
  0.247172E+06   0.100000E-29   0.100000E-29   0.100000E-29   0.100000E-29
  0.267301E+06   0.100000E-29   0.100000E-29   0.100000E-29   0.100000E-29
  0.289068E+06   0.100000E-29   0.100000E-29   0.100000E-29   0.100000E-29
  0.312608E+06   0.100000E-29   0.100000E-29   0.100000E-29   0.100000E-29
  0.338065E+06   0.100000E-29   0.100000E-29   0.100000E-29   0.100000E-29
  0.365595E+06   0.100000E-29   0.100000E-29   0.100000E-29   0.100000E-29
  0.395367E+06   0.100000E-29   0.100000E-29   0.100000E-29   0.100000E-29
  0.427563E+06   0.100000E-29   0.100000E-29   0.100000E-29   0.100000E-29
  0.462381E+06   0.100000E-29   0.100000E-29   0.100000E-29   0.100000E-29
  0.500035E+06   0.100000E-29   0.100000E-29   0.100000E-29   0.100000E-29
  0.540754E+06   0.100000E-29   0.100000E-29   0.100000E-29   0.100000E-29
  0.584790E+06   0.100000E-29   0.100000E-29   0.100000E-29   0.100000E-29
  0.632412E+06   0.100000E-29   0.100000E-29   0.100000E-29   0.100000E-29
  0.683912E+06   0.100000E-29   0.100000E-29   0.100000E-29   0.100000E-29
  0.739605E+06   0.100000E-29   0.100000E-29   0.100000E-29   0.100000E-29
  0.799834E+06   0.100000E-29   0.100000E-29   0.100000E-29   0.100000E-29
  0.864968E+06   0.100000E-29   0.100000E-29   0.100000E-29   0.100000E-29
  0.935406E+06   0.100000E-29   0.100000E-29   0.100000E-29   0.100000E-29
  0.101158E+07   0.100000E-29   0.100000E-29   0.100000E-29   0.100000E-29
  0.109396E+07   0.100000E-29   0.100000E-29   0.100000E-29   0.100000E-29
  0.118304E+07   0.100000E-29   0.100000E-29   0.100000E-29   0.100000E-29
  0.127938E+07   0.100000E-29   0.100000E-29   0.100000E-29   0.100000E-29
  0.138357E+07   0.100000E-29   0.100000E-29   0.100000E-29   0.100000E-29
  0.149624E+07   0.100000E-29   0.100000E-29   0.100000E-29   0.100000E-29
  0.161808E+07   0.100000E-29   0.100000E-29   0.100000E-29   0.100000E-29
  0.174985E+07   0.100000E-29   0.100000E-29   0.100000E-29   0.100000E-29
  0.189234E+07   0.100000E-29   0.100000E-29   0.100000E-29   0.100000E-29
  0.204644E+07   0.100000E-29   0.100000E-29   0.100000E-29   0.100000E-29
  0.221309E+07   0.100000E-29   0.100000E-29   0.100000E-29   0.100000E-29
  0.239332E+07   0.100000E-29   0.100000E-29   0.100000E-29   0.100000E-29
  0.258821E+07   0.100000E-29   0.100000E-29   0.100000E-29   0.100000E-29
  0.279898E+07   0.100000E-29   0.100000E-29   0.100000E-29   0.100000E-29
  0.302691E+07   0.100000E-29   0.100000E-29   0.100000E-29   0.100000E-29
  0.327341E+07   0.100000E-29   0.100000E-29   0.100000E-29   0.100000E-29
  0.353997E+07   0.100000E-29   0.100000E-29   0.100000E-29   0.100000E-29
  0.382825E+07   0.100000E-29   0.100000E-29   0.100000E-29   0.100000E-29
  0.414000E+07   0.100000E-29   0.100000E-29   0.100000E-29   0.100000E-29
  0.447713E+07   0.100000E-29   0.100000E-29   0.100000E-29   0.100000E-29
  0.484172E+07   0.100000E-29   0.100000E-29   0.100000E-29   0.100000E-29
  0.523600E+07   0.100000E-29   0.100000E-29   0.100000E-29   0.100000E-29
  0.566239E+07   0.100000E-29   0.100000E-29   0.100000E-29   0.100000E-29
  0.612350E+07   0.100000E-29   0.100000E-29   0.100000E-29   0.100000E-29
  0.662217E+07   0.100000E-29   0.100000E-29   0.100000E-29   0.100000E-29
  0.716143E+07   0.100000E-29   0.100000E-29   0.100000E-29   0.100000E-29
  0.774462E+07   0.100000E-29   0.100000E-29   0.100000E-29   0.100000E-29
  0.837529E+07   0.100000E-29   0.100000E-29   0.100000E-29   0.100000E-29
  0.905733E+07   0.100000E-29   0.100000E-29   0.100000E-29   0.100000E-29
  0.979490E+07   0.100000E-29   0.100000E-29   0.100000E-29   0.100000E-29
  0.105925E+08   0.100000E-29   0.100000E-29   0.100000E-29   0.100000E-29
  0.114551E+08   0.100000E-29   0.100000E-29   0.100000E-29   0.100000E-29
  0.123880E+08   0.100000E-29   0.100000E-29   0.100000E-29   0.100000E-29
  0.133968E+08   0.100000E-29   0.100000E-29   0.100000E-29   0.100000E-29
  0.144877E+08   0.100000E-29   0.100000E-29   0.100000E-29   0.100000E-29
  0.156675E+08   0.100000E-29   0.100000E-29   0.100000E-29   0.100000E-29
  0.169434E+08   0.100000E-29   0.100000E-29   0.100000E-29   0.100000E-29
  0.183231E+08   0.100000E-29   0.100000E-29   0.100000E-29   0.100000E-29
  0.198153E+08   0.100000E-29   0.100000E-29   0.100000E-29   0.100000E-29
  0.214289E+08   0.100000E-29   0.100000E-29   0.100000E-29   0.100000E-29
  0.231739E+08   0.100000E-29   0.100000E-29   0.100000E-29   0.100000E-29
  0.250611E+08   0.100000E-29   0.100000E-29   0.100000E-29   0.100000E-29
  0.271019E+08   0.100000E-29   0.100000E-29   0.100000E-29   0.100000E-29
  0.293089E+08   0.100000E-29   0.100000E-29   0.100000E-29   0.100000E-29
  0.316957E+08   0.100000E-29   0.100000E-29   0.100000E-29   0.100000E-29
  0.342768E+08   0.100000E-29   0.100000E-29   0.100000E-29   0.100000E-29
  0.370681E+08   0.100000E-29   0.100000E-29   0.100000E-29   0.100000E-29
  0.400867E+08   0.100000E-29   0.100000E-29   0.100000E-29   0.100000E-29
  0.433511E+08   0.100000E-29   0.100000E-29   0.100000E-29   0.100000E-29
  0.468813E+08   0.100000E-29   0.100000E-29   0.100000E-29   0.100000E-29
  0.506991E+08   0.100000E-29   0.100000E-29   0.100000E-29   0.100000E-29
  0.548277E+08   0.100000E-29   0.100000E-29   0.100000E-29   0.100000E-29
  0.592925E+08   0.100000E-29   0.100000E-29   0.100000E-29   0.100000E-29
  0.641210E+08   0.100000E-29   0.100000E-29   0.100000E-29   0.100000E-29
  0.693426E+08   0.100000E-29   0.100000E-29   0.100000E-29   0.100000E-29
  0.749894E+08   0.100000E-29   0.100000E-29   0.100000E-29   0.100000E-29
  0.810961E+08   0.100000E-29   0.100000E-29   0.100000E-29   0.100000E-29
  0.877001E+08   0.100000E-29   0.100000E-29   0.100000E-29   0.100000E-29
  0.948418E+08   0.100000E-29   0.100000E-29   0.100000E-29   0.100000E-29
  0.102565E+09   0.100000E-29   0.100000E-29   0.100000E-29   0.100000E-29
  0.110917E+09   0.100000E-29   0.100000E-29   0.100000E-29   0.100000E-29
  0.119950E+09   0.100000E-29   0.100000E-29   0.100000E-29   0.100000E-29
  0.129718E+09   0.100000E-29   0.100000E-29   0.100000E-29   0.100000E-29
  0.140281E+09   0.100000E-29   0.100000E-29   0.100000E-29   0.100000E-29
  0.151705E+09   0.100000E-29   0.100000E-29   0.100000E-29   0.100000E-29
  0.164059E+09   0.100000E-29   0.100000E-29   0.100000E-29   0.100000E-29
  0.177419E+09   0.100000E-29   0.100000E-29   0.100000E-29   0.100000E-29
  0.191867E+09   0.100000E-29   0.100000E-29   0.100000E-29   0.100000E-29
  0.207491E+09   0.100000E-29   0.100000E-29   0.100000E-29   0.100000E-29
  0.224388E+09   0.100000E-29   0.100000E-29   0.100000E-29   0.100000E-29
  0.242661E+09   0.100000E-29   0.100000E-29   0.100000E-29   0.100000E-29
  0.262422E+09   0.100000E-29   0.100000E-29   0.100000E-29   0.100000E-29
  0.283792E+09   0.100000E-29   0.100000E-29   0.100000E-29   0.100000E-29
  0.306902E+09   0.100000E-29   0.100000E-29   0.100000E-29   0.100000E-29
  0.331894E+09   0.100000E-29   0.100000E-29   0.100000E-29   0.100000E-29
  0.358922E+09   0.100000E-29   0.100000E-29   0.100000E-29   0.100000E-29
  0.388150E+09   0.100000E-29   0.100000E-29   0.100000E-29   0.100000E-29
  0.419759E+09   0.100000E-29   0.100000E-29   0.100000E-29   0.100000E-29
  0.453942E+09   0.100000E-29   0.100000E-29   0.100000E-29   0.100000E-29
  0.490908E+09   0.100000E-29   0.100000E-29   0.100000E-29   0.100000E-29
  0.530884E+09   0.100000E-29   0.100000E-29   0.100000E-29   0.100000E-29
  0.574116E+09   0.100000E-29   0.100000E-29   0.100000E-29   0.100000E-29
  0.620869E+09   0.100000E-29   0.100000E-29   0.100000E-29   0.100000E-29
  0.671429E+09   0.100000E-29   0.100000E-29   0.100000E-29   0.100000E-29
  0.726106E+09   0.100000E-29   0.100000E-29   0.100000E-29   0.100000E-29
  0.785236E+09   0.100000E-29   0.100000E-29   0.100000E-29   0.100000E-29
  0.849180E+09   0.100000E-29   0.100000E-29   0.100000E-29   0.100000E-29
  0.918333E+09   0.100000E-29   0.100000E-29   0.100000E-29   0.100000E-29
  0.993116E+09   0.100000E-29   0.100000E-29   0.100000E-29   0.100000E-29
  0.107399E+10   0.100000E-29   0.100000E-29   0.100000E-29   0.100000E-29
  0.116145E+10   0.100000E-29   0.100000E-29   0.100000E-29   0.100000E-29
  0.125603E+10   0.100000E-29   0.100000E-29   0.100000E-29   0.100000E-29
  0.135831E+10   0.100000E-29   0.100000E-29   0.100000E-29   0.100000E-29
  0.146893E+10   0.100000E-29   0.100000E-29   0.100000E-29   0.100000E-29
  0.158855E+10   0.100000E-29   0.100000E-29   0.100000E-29   0.100000E-29
  0.171791E+10   0.100000E-29   0.100000E-29   0.100000E-29   0.100000E-29
  0.185780E+10   0.100000E-29   0.100000E-29   0.100000E-29   0.100000E-29
  0.200909E+10   0.100000E-29   0.100000E-29   0.100000E-29   0.100000E-29
  0.217270E+10   0.100000E-29   0.100000E-29   0.100000E-29   0.100000E-29
  0.234963E+10   0.100000E-29   0.100000E-29   0.100000E-29   0.100000E-29
  0.254097E+10   0.100000E-29   0.100000E-29   0.100000E-29   0.100000E-29
  0.274789E+10   0.100000E-29   0.100000E-29   0.100000E-29   0.100000E-29
  0.297167E+10   0.100000E-29   0.100000E-29   0.100000E-29   0.100000E-29
  0.321366E+10   0.100000E-29   0.100000E-29   0.100000E-29   0.100000E-29
  0.347536E+10   0.100000E-29   0.100000E-29   0.100000E-29   0.100000E-29
  0.375837E+10   0.100000E-29   0.100000E-29   0.100000E-29   0.100000E-29
  0.406443E+10   0.100000E-29   0.100000E-29   0.100000E-29   0.100000E-29
  0.439542E+10   0.100000E-29   0.100000E-29   0.100000E-29   0.100000E-29
  0.475335E+10   0.100000E-29   0.100000E-29   0.100000E-29   0.100000E-29
  0.514044E+10   0.100000E-29   0.100000E-29   0.100000E-29   0.100000E-29
  0.555904E+10   0.100000E-29   0.100000E-29   0.100000E-29   0.100000E-29
  0.601174E+10   0.100000E-29   0.100000E-29   0.100000E-29   0.100000E-29
  0.650130E+10   0.100000E-29   0.100000E-29   0.100000E-29   0.100000E-29
  0.703072E+10   0.100000E-29   0.100000E-29   0.100000E-29   0.100000E-29
  0.760326E+10   0.100000E-29   0.100000E-29   0.100000E-29   0.100000E-29
  0.822243E+10   0.100000E-29   0.100000E-29   0.100000E-29   0.100000E-29
  0.889201E+10   0.100000E-29   0.100000E-29   0.100000E-29   0.100000E-29
  0.961612E+10   0.100000E-29   0.100000E-29   0.100000E-29   0.100000E-29
