-6.983000 39.395562 -12.439800
-6.949002 39.463560 -12.351405
-6.914999 39.531559 -12.262996
-6.881002 39.599558 -12.174604
-6.847000 39.667557 -12.086199
-6.813001 39.735555 -11.997803
-6.779001 39.803554 -11.909402
-6.745000 39.871553 -11.821001
-6.711000 39.939550 -11.732600
-6.677000 40.007547 -11.644199
-6.642999 40.075547 -11.555799
-6.609000 40.143546 -11.467399
-6.574999 40.211542 -11.378998
-6.541000 40.279539 -11.290599
-6.507000 40.347537 -11.202199
-6.472999 40.415533 -11.113799
-6.439000 40.483530 -11.025400
-6.405000 40.551527 -10.937000
-6.371000 40.619522 -10.848601
-6.337000 40.687518 -10.760199
-6.303000 40.755514 -10.671800
-6.269000 40.823509 -10.583400
-6.235000 40.891503 -10.495000
-6.201000 40.959498 -10.406600
-6.167000 41.027492 -10.318201
-6.133000 41.095483 -10.229800
-6.099000 41.163477 -10.141400
-6.065000 41.231470 -10.053000
-6.031000 41.299462 -9.964600
-5.997001 41.367453 -9.876202
-5.963000 41.435441 -9.787800
-5.928998 41.503431 -9.699396
-5.895001 41.571420 -9.611003
-5.861000 41.639407 -9.522600
-5.827000 41.707394 -9.434201
-5.792999 41.775379 -9.345797
-5.758999 41.843363 -9.257398
-5.725000 41.911346 -9.168999
-5.691000 41.979327 -9.080601
-5.656999 42.047306 -8.992198
-5.623000 42.115284 -8.903800
-5.589000 42.183261 -8.815401
-5.555000 42.251237 -8.727000
-5.520999 42.319208 -8.638598
-5.487000 42.387180 -8.550199
-5.453000 42.455146 -8.461800
-5.419000 42.523111 -8.373400
-5.384999 42.591075 -8.284999
-5.351000 42.659033 -8.196601
-5.317000 42.726989 -8.108199
-5.283000 42.794942 -8.019799
-5.249000 42.862891 -7.931399
-5.215000 42.930835 -7.843000
-5.181000 42.998775 -7.754600
-5.147000 43.066710 -7.666200
-5.113000 43.134639 -7.577801
-5.079000 43.202562 -7.489400
-5.045000 43.270481 -7.401000
-5.011000 43.338393 -7.312600
-4.976999 43.406295 -7.224197
-4.943000 43.474191 -7.135800
-4.909002 43.542078 -7.047404
-4.875000 43.609957 -6.959001
-4.840999 43.677825 -6.870596
-4.807001 43.745682 -6.782202
-4.773001 43.813528 -6.693802
-4.738999 43.881362 -6.605397
-4.705001 43.949181 -6.517002
-4.671001 44.016987 -6.428603
-4.636999 44.084776 -6.340199
-4.603001 44.152548 -6.251802
-4.569000 44.220299 -6.163400
-4.535000 44.288032 -6.074999
-4.501001 44.355745 -5.986602
-4.467000 44.423433 -5.898200
-4.433000 44.491094 -5.797148
-4.399000 44.558729 -5.705500
-4.365000 44.626333 -5.631833
-4.331000 44.693905 -5.493703
-4.297000 44.761443 -5.423351
-4.263000 44.828943 -5.313700
-4.229000 44.896401 -5.198950
-4.195000 44.963815 -5.077251
-4.161000 45.031182 -4.972200
-4.127000 45.098495 -4.884600
-4.093000 45.165755 -4.740833
-4.059000 45.232950 -4.669734
-4.025000 45.300082 -4.579750
-3.991000 45.367142 -4.486599
-3.956999 45.434123 -4.354599
-3.922999 45.501022 -4.269697
-3.889000 45.567831 -4.160798
-3.854999 45.634540 -4.031832
-3.821000 45.701143 -3.928500
-3.787001 45.767631 -3.817201
-3.753000 45.833994 -3.729365
-3.719001 45.900221 -3.591953
-3.685000 45.966301 -3.489000
-3.651000 46.032220 -3.389352
-3.617000 46.097968 -3.287200
-3.583000 46.163531 -3.164375
-3.549000 46.228885 -3.080800
-3.515000 46.294023 -2.968001
-3.480999 46.358919 -2.877598
-3.447000 46.423552 -2.795299
-3.413000 46.487904 -2.709167
-3.379000 46.551949 -2.640401
-3.345000 46.615658 -2.585500
-3.311000 46.679003 -2.515167
-3.277000 46.741952 -2.470760
-3.243000 46.804471 -2.412166
-3.209000 46.866518 -2.352500
-3.175000 46.928055 -2.302750
-3.141000 46.989032 -2.258517
-3.107000 47.049400 -2.218283
-3.073000 47.109106 -2.151500
-3.039000 47.168082 -2.094625
-3.005000 47.226265 -2.054500
-2.971002 47.283579 -2.013403
-2.937001 47.339942 -1.951868
-2.903000 47.395263 -1.899280
-2.869001 47.449443 -1.859526
-2.834999 47.502370 -1.809374
-2.801000 47.553919 -1.764879
-2.766999 47.603957 -1.724479
-2.733000 47.652330 -1.689120
-2.699000 47.698871 -1.632501
-2.665000 47.743395 -1.582500
-2.631000 47.785693 -1.538299
-2.597000 47.825536 -1.503340
-2.563000 47.862669 -1.463900
-2.529000 47.896807 -1.419700
-2.494999 47.927635 -1.375499
-2.461000 47.954805 -1.342900
-2.426999 47.977929 -1.309374
-2.393000 47.996580 -1.270880
-2.359000 48.010283 -1.231440
-2.325000 48.018517 -1.193917
-2.291000 48.020713 -1.157083
-2.257000 48.016248 -1.138840
-2.223000 48.004429 -1.104500
-2.189000 47.984521 -1.064525
-2.155000 47.955716 -1.030000
-2.121000 47.917146 -1.001872
-2.087000 47.867875 -0.980168
-2.053000 47.806899 -0.943705
-2.019000 47.733144 -0.903954
-1.985001 47.645460 -0.882001
-1.950999 47.542619 -0.860045
-1.916999 47.423308 -0.835027
-1.883001 47.286124 -0.809916
-1.849001 47.129564 -0.781927
-1.814999 46.952012 -0.753657
-1.781000 46.751735 -0.724512
-1.746999 46.526868 -0.695863
-1.713000 46.275394 -0.673915
-1.679001 45.995143 -0.651966
-1.645001 45.683766 -0.626141
-1.611001 45.338729 -0.595405
-1.577000 44.957287 -0.564602
-1.543000 44.536478 -0.536042
-1.509000 44.073095 -0.509761
-1.475001 43.563670 -0.484650
-1.441000 43.004455 -0.459539
-1.407000 42.391392 -0.430365
-1.373000 41.720101 -0.404834
-1.339000 40.985837 -0.393826
-1.305000 40.183472 -0.382819
-1.271000 39.307464 -0.367135
-1.237000 38.351810 -0.350645
-1.203000 37.310028 -0.327032
-1.169000 36.175103 -0.296070
-1.135000 34.939451 -0.257650
-1.101000 33.594869 -0.214518
-1.067000 32.132484 -0.156655
-1.033000 30.542707 -0.112735
-0.998998 28.815162 -0.072686
-0.964999 26.938629 -0.116282
-0.930998 24.900976 -0.162559
-0.897001 22.689083 -0.214748
-0.863001 20.288761 -0.232292
-0.828999 17.684665 -0.166688
-0.794999 14.860201 0.271356
-0.761001 11.797423 0.365662
-0.727001 8.476924 0.438718
-0.693001 4.877718 0.548919
-0.659001 0.977108 0.616063
-0.625001 -3.249450 0.720474
-0.591001 -7.828499 0.816709
-0.557000 -12.788746 0.890730
-0.523000 -18.161230 0.946020
-0.488999 -23.979523 -0.068982
-0.455000 -30.000000 -0.217203
-0.421000 -30.000000 -0.254660
-0.387000 -30.000000 -0.278500
-0.353000 -30.000000 -0.387692
-0.319000 -30.000000 -0.598373
-0.285000 -30.000000 -0.715650
-0.251000 -30.000000 -0.776670
-0.217000 -30.000000 -0.756971
-0.183000 -30.000000 -0.461012
-0.149000 -30.000000 -0.348512
-0.115000 -30.000000 -0.335320
-0.081000 -30.000000 -0.292640
-0.047000 -30.000000 -0.226780
-0.013000 -30.000000 -0.134675
0.020999 -30.000000 -0.030696
0.055000 -30.000000 0.038767
0.089000 -30.000000 0.101580
0.122999 -30.000000 -1.355507
0.157000 -30.000000 -1.286800
0.191001 -30.000000 -1.216298
0.224999 -30.000000 -1.362989
0.259001 -30.000000 -1.589507
0.293000 -30.000000 -1.774800
0.326999 -30.000000 -1.928643
0.361000 -30.000000 -2.025150
0.394999 -30.000000 -2.002000
0.428999 -30.000000 -1.958651
0.463000 -30.000000 -2.107367
0.497000 -30.000000 -2.176200
0.531000 -30.000000 -2.161100
0.565000 -30.000000 -2.130500
0.599000 -30.000000 -2.113433
0.633000 -30.000000 -2.083101
0.667000 -30.000000 -2.027534
0.701000 -30.000000 -1.998308
0.735000 -30.000000 -2.311000
0.769000 -30.000000 -2.405901
0.803000 -30.000000 -2.347775
0.837000 -30.000000 -2.327450
0.871000 -30.000000 -2.219000
0.905000 -30.000000 -2.277000
0.939000 -30.000000 -2.211267
0.973000 -30.000000 -2.150501
1.007001 -30.000000 -2.042798
1.041002 -30.000000 -2.024925
1.074999 -30.000000 -2.012492
1.109001 -30.000000 -2.089276
1.142999 -30.000000 -2.040202
1.176999 -30.000000 -2.085848
1.211000 -30.000000 -2.175980
1.244999 -30.000000 -2.141301
1.279000 -30.000000 -2.081300
1.313000 -30.000000 -2.030925
1.347000 -30.000000 -2.050900
1.380999 -30.000000 -2.276599
1.415000 -30.000000 -2.484001
1.449000 -30.000000 -2.506375
1.483001 -30.000000 -2.456624
1.517000 -30.000000 -2.363548
1.551000 -30.000000 -2.233576
1.585000 -30.000000 -2.264501
1.619000 -30.000000 -2.261666
1.653000 -30.000000 -2.180700
1.687000 -30.000000 -2.137700
1.721000 -30.000000 -2.085200
1.755000 -30.000000 -2.102750
1.789000 -30.000000 -2.062900
1.823000 -30.000000 -2.010950
1.857000 -30.000000 -2.044100
1.891000 -30.000000 -2.027225
1.925000 -30.000000 -1.986500
1.959000 -30.000000 -1.967150
1.993000 -30.000000 -1.920500
2.026999 -30.000000 -1.872535
2.061000 -30.000000 -1.837000
2.094998 -30.000000 -1.804668
2.129000 -30.000000 -1.759600
2.163000 -30.000000 -1.720200
2.196999 -30.000000 -1.681667
2.231000 -30.000000 -1.659700
2.265000 -30.000000 -1.657000
2.298999 -30.000000 -1.730194
2.333000 -30.000000 -1.785414
2.367000 -30.000000 -1.791729
2.401000 -30.000000 -1.797650
2.435000 -30.000000 -1.799833
2.469000 -30.000000 -1.788229
2.503000 -30.000000 -1.785314
2.537000 -30.000000 -1.783700
2.571000 -30.000000 -1.787100
2.605000 -30.000000 -1.784313
2.639000 -30.000000 -1.773688
2.673000 -30.000000 -1.764300
2.707000 -30.000000 -1.767700
2.741000 -30.000000 -1.770000
2.775000 -30.000000 -1.770000
2.809000 -30.000000 -1.772340
2.843000 -30.000000 -1.781180
2.877000 -30.000000 -1.783000
2.911000 -30.000000 -1.783000
2.945000 -30.000000 -1.783429
2.979000 -30.000000 -1.786343
3.013002 -30.000000 -1.789000
3.046998 -30.000000 -1.789000
3.081002 -30.000000 -1.789963
3.115001 -30.000000 -1.792938
3.149000 -30.000000 -1.795913
3.182999 -30.000000 -1.792150
3.216999 -30.000000 -1.790071
3.251000 -30.000000 -1.795271
3.284999 -30.000000 -1.800470
3.319000 -30.000000 -1.805671
3.353000 -30.000000 -1.810871
3.387000 -30.000000 -1.820775
3.421000 -30.000000 -1.848833
3.455000 -30.000000 -1.878000
3.489000 -30.000000 -1.914375
3.523000 -30.000000 -1.956849
3.557000 -30.000000 -2.002825
3.591000 -30.000000 -2.035780
3.625001 -30.000000 -2.062300
3.659000 -30.000000 -2.110734
3.693000 -30.000000 -2.152700
3.727000 -30.000000 -2.190650
3.761000 -30.000000 -2.232800
3.795000 -30.000000 -2.262625
3.829000 -30.000000 -2.304550
3.863000 -30.000000 -2.366825
3.897000 -30.000000 -2.427175
3.931000 -30.000000 -2.487525
3.965000 -30.000000 -2.547875
3.999000 -30.000000 -2.608225
4.033001 -30.000000 -2.668577
4.067000 -30.000000 -2.728925
4.101001 -30.000000 -2.789277
4.134999 -30.000000 -2.849623
4.169001 -30.000000 -2.909977
4.203000 -30.000000 -2.970325
4.237000 -30.000000 -3.030676
4.271000 -30.000000 -3.091025
4.305001 -30.000000 -3.151376
4.339000 -30.000000 -3.211725
4.373000 -30.000000 -3.272076
4.407000 -30.000000 -3.332425
4.441000 -30.000000 -3.392776
4.475000 -30.000000 -3.453124
4.508999 -30.000000 -3.513474
4.543000 -30.000000 -3.573824
4.577000 -30.000000 -3.634175
4.611000 -30.000000 -3.694524
4.645000 -30.000000 -3.754874
4.679000 -30.000000 -3.815225
4.713000 -30.000000 -3.875574
4.747000 -30.000000 -3.935925
4.781000 -30.000000 -3.996275
4.815000 -30.000000 -4.056625
4.849000 -30.000000 -4.116975
4.883000 -30.000000 -4.177325
4.917000 -30.000000 -4.237675
4.951000 -30.000000 -4.298025
4.985000 -30.000000 -4.358375
5.019000 -30.000000 -4.418725
5.053002 -30.000000 -4.479078
5.087000 -30.000000 -4.539425
5.121001 -30.000000 -4.599778
5.154999 -30.000000 -4.660123
5.188999 -30.000000 -4.720473
5.223000 -30.000000 -4.780825
5.256999 -30.000000 -4.841173
5.291000 -30.000000 -4.901525
5.325000 -30.000000 -4.961875
5.359000 -30.000000 -5.022225
5.392999 -30.000000 -5.082574
5.427001 -30.000000 -5.142926
5.461000 -30.000000 -5.203275
5.495000 -30.000000 -5.263625
5.529000 -30.000000 -5.323975
5.563000 -30.000000 -5.384325
5.597000 -30.000000 -5.444676
5.631000 -30.000000 -5.505025
5.665000 -30.000000 -5.565375
5.699000 -30.000000 -5.625726
5.733000 -30.000000 -5.686074
5.767000 -30.000000 -5.746425
5.801000 -30.000000 -5.806775
5.835000 -30.000000 -5.867125
5.869000 -30.000000 -5.927475
5.903000 -30.000000 -5.987825
5.937000 -30.000000 -6.048175
5.971000 -30.000000 -6.108525
6.005000 -30.000000 -6.168875
6.039001 -30.000000 -6.229228
6.072999 -30.000000 -6.289574
6.107000 -30.000000 -6.349924
6.141001 -30.000000 -6.410277
6.175001 -30.000000 -6.470627
6.209000 -30.000000 -6.530975
6.243001 -30.000000 -6.591327
6.276999 -30.000000 -6.651674
6.310999 -30.000000 -6.712023
6.344999 -30.000000 -6.772373
6.379001 -30.000000 -6.832726
6.412999 -30.000000 -6.893074
6.447000 -30.000000 -6.953425
6.481000 -30.000000 -7.013774
6.515000 -30.000000 -7.074126
6.549000 -30.000000 -7.134474
6.583000 -30.000000 -7.194825
6.617000 -30.000000 -7.255176
6.651000 -30.000000 -7.315524
6.685000 -30.000000 -7.375874
6.719000 -30.000000 -7.436224
6.753000 -30.000000 -7.496575
6.787000 -30.000000 -7.556924
6.821000 -30.000000 -7.617276
6.855000 -30.000000 -7.677625
6.889000 -30.000000 -7.737975
6.923000 -30.000000 -7.798325
6.957000 -30.000000 -7.858675
6.991000 -30.000000 -7.919025
7.024998 -30.000000 -7.979372
7.058999 -30.000000 -8.039723
7.093001 -30.000000 -8.100077
7.127001 -30.000000 -8.160427
7.160999 -30.000000 -8.220774
7.195000 -30.000000 -8.281124
7.229001 -30.000000 -8.341476
7.262999 -30.000000 -8.401823
7.297001 -30.000000 -8.462176
7.331000 -30.000000 -8.522525
7.364999 -30.000000 -8.582873
7.399000 -30.000000 -8.643225
7.433000 -30.000000 -8.703575
7.467000 -30.000000 -8.763924
7.501000 -30.000000 -8.824276
7.535000 -30.000000 -8.884626
7.569000 -30.000000 -8.944976
7.603000 -30.000000 -9.005325
7.637000 -30.000000 -9.065675
7.671000 -30.000000 -9.126024
7.705000 -30.000000 -9.186375
7.739000 -30.000000 -9.246725
7.773000 -30.000000 -9.307075
7.807000 -30.000000 -9.367426
7.841000 -30.000000 -9.427775
7.875000 -30.000000 -9.488125
7.909000 -30.000000 -9.548475
7.943000 -30.000000 -9.608825
7.977000 -30.000000 -9.669175
8.010999 -30.000000 -9.729524
8.044998 -30.000000 -9.789872
8.079000 -30.000000 -9.850225
8.113000 -30.000000 -9.910575
8.146999 -30.000000 -9.970923
8.181000 -30.000000 -10.031275
8.215000 -30.000000 -10.091625
8.249000 -30.000000 -10.151975
8.283000 -30.000000 -10.212326
8.316999 -30.000000 -10.272674
8.351000 -30.000000 -10.333024
8.385000 -30.000000 -10.393375
8.419000 -30.000000 -10.453725
8.453000 -30.000000 -10.514075
8.487000 -30.000000 -10.574425
8.520999 -30.000000 -10.634774
8.555000 -30.000000 -10.695125
8.589000 -30.000000 -10.755474
8.623000 -30.000000 -10.815825
8.657000 -30.000000 -10.876176
8.691000 -30.000000 -10.936525
8.725000 -30.000000 -10.996874
8.759000 -30.000000 -11.057224
8.793000 -30.000000 -11.117575
8.827000 -30.000000 -11.177925
8.861000 -30.000000 -11.238275
8.895000 -30.000000 -11.298625
8.929000 -30.000000 -11.358975
8.963000 -30.000000 -11.419325
8.997000 -30.000000 -11.479675
9.031000 -30.000000 -11.540025
9.065001 -30.000000 -11.600376
9.099000 -30.000000 -11.660725
9.132999 -30.000000 -11.721073
9.167001 -30.000000 -11.781427
9.201001 -30.000000 -11.841777
9.235000 -30.000000 -11.902126
9.268999 -30.000000 -11.962473
9.302999 -30.000000 -12.022824
9.337000 -30.000000 -12.083175
9.371000 -30.000000 -12.143524
9.405000 -30.000000 -12.203874
9.438999 -30.000000 -12.264224
9.473001 -30.000000 -12.324576
9.507000 -30.000000 -12.384925
9.541000 -30.000000 -12.445275
9.575000 -30.000000 -12.505624
9.609000 -30.000000 -12.565974
9.643000 -30.000000 -12.626326
9.677000 -30.000000 -12.686675
9.711000 -30.000000 -12.747026
9.745000 -30.000000 -12.807375
9.779000 -30.000000 -12.867725
9.813000 -30.000000 -12.928075
9.847000 -30.000000 -12.988425
9.881000 -30.000000 -13.048775
9.915000 -30.000000 -13.109125
9.949000 -30.000000 -13.169475
9.983000 -30.000000 -13.229825
