12.90	-5.932	0.00000	0.00000	+0.00000	+0.00000
12.92	-5.880	0.00000	0.00000	+0.00000	+0.00000
12.94	-5.822	0.00000	0.00000	+0.00000	+0.00000
12.96	-5.751	0.00000	0.00000	+0.00000	+0.00000
12.99	-5.686	0.00000	0.00000	+0.00000	+0.00000
13.02	-5.621	0.00000	0.00000	+0.00000	+0.00000
13.04	-5.563	0.00000	0.00000	+0.00000	+0.00000
13.05	-5.486	0.00000	0.00000	+0.00000	+0.00000
13.08	-5.434	0.00000	0.00000	+0.00000	+0.00000
13.10	-5.363	0.00000	0.00000	+0.00000	+0.00000
13.12	-5.305	0.00000	0.00000	+0.00000	+0.00000
13.14	-5.227	0.00000	0.00000	+0.00000	+0.00000
13.16	-5.176	0.00000	0.00000	+0.00000	+0.00000
13.18	-5.092	0.00000	0.00000	+0.00000	+0.00000
13.20	-5.033	0.00000	0.00000	+0.00000	+0.00000
13.22	-4.969	0.00000	0.00000	+0.00000	+0.00000
13.25	-4.891	0.00000	0.00000	+0.00000	+0.00000
13.28	-4.827	0.00000	0.00000	+0.00000	+0.00000
13.28	-4.756	0.00000	0.00000	+0.00000	+0.00000
13.31	-4.691	0.00000	0.00000	+0.00000	+0.00000
13.34	-4.633	0.00000	0.00000	+0.00000	+0.00000
13.36	-4.562	0.00000	0.00000	+0.00000	+0.00000
13.39	-4.484	0.00000	0.00000	+0.00000	+0.00000
13.41	-4.420	0.00000	0.00000	+0.00000	+0.00000
13.42	-4.361	0.00000	0.00000	+0.00000	+0.00000
13.45	-4.297	0.00000	0.00000	+0.00000	+0.00000
13.47	-4.219	0.00000	0.00000	+0.00000	+0.00000
13.49	-4.168	0.00000	0.00000	+0.00000	+0.00000
13.50	-4.096	0.00000	0.00000	+0.00000	+0.00000
13.53	-4.019	0.00000	0.00000	+0.00000	+0.00000
13.55	-3.948	0.00000	0.00000	+0.00000	+0.00000
13.58	-3.883	0.00000	0.00000	+0.00000	+0.00000
13.59	-3.825	0.00000	0.00000	+0.00000	+0.00000
13.61	-3.773	0.00000	0.00000	+0.00000	+0.00000
13.64	-3.696	0.00000	0.00000	+0.00000	+0.00000
13.65	-3.631	0.00000	0.00000	+0.00000	+0.00000
13.67	-3.560	0.00000	0.00000	+0.00000	+0.00000
13.69	-3.502	0.00000	0.00000	+0.00000	+0.00000
13.72	-3.424	0.00000	0.00000	+0.00000	+0.00000
13.74	-3.347	0.00000	0.00000	+0.00000	+0.00000
13.77	-3.269	0.00000	0.00000	+0.00000	+0.00000
13.78	-3.192	0.00000	0.00000	+0.00000	+0.00000
13.82	-3.127	0.00000	0.00000	+0.00000	+0.00000
13.84	-3.043	0.00000	0.00000	+0.00000	+0.00000
13.87	-2.953	0.00000	0.00000	+0.00000	+0.00000
13.90	-2.875	0.00000	0.00000	+0.00000	+0.00000
13.93	-2.804	0.00000	0.00000	+0.00000	+0.00000
13.95	-2.746	0.00000	0.00000	+0.00000	+0.00000
13.98	-2.681	0.00000	0.00000	+0.00000	+0.00000
14.01	-2.623	0.00000	0.00000	+0.00000	+0.00000
14.04	-2.578	0.00000	0.00000	+0.00000	+0.00000
14.07	-2.513	0.00000	0.00000	+0.00000	+0.00000
14.12	-2.449	0.00000	0.00000	+0.00000	+0.00000
14.15	-2.384	0.00000	0.00000	+0.00000	+0.00000
14.18	-2.339	0.00000	0.00000	+0.00000	+0.00000
14.22	-2.281	0.00000	0.00000	+0.00000	+0.00000
14.28	-2.210	0.00000	0.00000	+0.00000	+0.00000
14.31	-2.145	0.00000	0.00000	+0.00000	+0.00000
14.35	-2.080	0.00000	0.00000	+0.00000	+0.00000
14.40	-2.029	0.00000	0.00000	+0.00000	+0.00000
14.43	-1.977	0.00000	0.00000	+0.00000	+0.00000
14.46	-1.919	0.00000	0.00000	+0.00000	+0.00000
14.51	-1.861	0.00000	0.00000	+0.00000	+0.00000
14.55	-1.802	0.00000	0.00000	+0.00000	+0.00000
14.60	-1.738	0.00000	0.00000	+0.00000	+0.00000
14.65	-1.686	0.00000	0.00000	+0.00000	+0.00000
14.68	-1.634	0.00000	0.00000	+0.00000	+0.00000
14.71	-1.589	0.00000	0.00000	+0.00000	+0.00000
14.75	-1.537	0.00000	0.00000	+0.00000	+0.00000
14.80	-1.486	0.00000	0.00000	+0.00000	+0.00000
14.84	-1.434	0.00000	0.00000	+0.00000	+0.00000
14.89	-1.369	0.00000	0.00000	+0.00000	+0.00000
14.94	-1.324	0.00000	0.00000	+0.00000	+0.00000
14.98	-1.279	0.00000	0.00000	+0.00000	+0.00000
15.03	-1.221	0.00000	0.00000	+0.00000	+0.00000
15.09	-1.156	0.00000	0.00000	+0.00000	+0.00000
15.14	-1.130	0.00000	0.00000	+0.00000	+0.00000
15.17	-1.085	0.00000	0.00000	+0.00000	+0.00000
15.21	-1.046	0.00000	0.00000	+0.00000	+0.00000
15.24	-1.014	0.00000	0.00000	+0.00000	+0.00000
15.30	-0.9757	0.00000	0.00000	+0.00000	+0.00000
15.36	-0.9046	0.00000	0.00000	+0.00000	+0.00000
15.43	-0.8594	0.00000	0.00000	+0.00000	+0.00000
15.50	-0.8077	0.00000	0.00000	+0.00000	+0.00000
15.57	-0.7495	0.00000	0.00000	+0.00000	+0.00000
15.63	-0.6978	0.00000	0.00000	+0.00000	+0.00000
15.72	-0.6397	0.00000	0.00000	+0.00000	+0.00000
15.77	-0.5945	0.00000	0.00000	+0.00000	+0.00000
15.82	-0.5492	0.00000	0.00000	+0.00000	+0.00000
15.87	-0.5105	0.00000	0.00000	+0.00000	+0.00000
15.94	-0.4588	0.00000	0.00000	+0.00000	+0.00000
16.00	-0.4071	0.00000	0.00000	+0.00000	+0.00000
16.08	-0.3812	0.00000	0.00000	+0.00000	+0.00000
16.16	-0.3424	0.00000	0.00000	+0.00000	+0.00000
16.21	-0.2972	0.00000	0.00000	+0.00000	+0.00000
16.25	-0.2520	0.00000	0.00000	+0.00000	+0.00000
16.29	-0.2003	0.00000	0.00000	+0.00000	+0.00000
16.31	-0.1615	0.00000	0.00000	+0.00000	+0.00000
16.33	-0.1292	0.00000	0.00000	+0.00000	+0.00000
16.37	-0.09046	0.00000	0.00000	+0.00000	+0.00000
16.39	-0.05815	0.00000	0.00000	+0.00000	+0.00000
16.40	-0.09046	0.00000	0.00000	+0.00000	+0.00000
16.43	-0.1421	0.00000	0.00000	+0.00000	+0.00000
16.46	-0.1744	0.00000	0.00000	+0.00000	+0.00000
16.48	-0.2132	0.00000	0.00000	+0.00000	+0.00000
16.53	-0.2390	0.00000	0.00000	+0.00000	+0.00000
16.56	-0.1357	0.00000	0.00000	+0.00000	+0.00000
16.57	0.1744	0.00000	0.00000	+0.00000	+0.00000
16.58	0.2455	0.00000	0.00000	+0.00000	+0.00000
16.59	0.2972	0.00000	0.00000	+0.00000	+0.00000
16.61	0.3424	0.00000	0.00000	+0.00000	+0.00000
16.63	0.3941	0.00000	0.00000	+0.00000	+0.00000
16.66	0.4523	0.00000	0.00000	+0.00000	+0.00000
16.67	0.5105	0.00000	0.00000	+0.00000	+0.00000
16.69	0.5557	0.00000	0.00000	+0.00000	+0.00000
16.72	0.6138	0.00000	0.00000	+0.00000	+0.00000
16.74	0.6591	0.00000	0.00000	+0.00000	+0.00000
16.75	0.7108	0.00000	0.00000	+0.00000	+0.00000
16.77	0.7495	0.00000	0.00000	+0.00000	+0.00000
16.78	0.8012	0.00000	0.00000	+0.00000	+0.00000
16.81	0.8529	0.00000	0.00000	+0.00000	+0.00000
16.83	0.9111	0.00000	0.00000	+0.00000	+0.00000
16.86	0.9499	0.00000	0.00000	+0.00000	+0.00000
16.87	0.07108	0.00000	0.00000	+0.00000	+0.00000
16.88	0.00000	0.00000	0.00000	+0.00000	+0.00000
16.89	-0.06462	0.00000	0.00000	+0.00000	+0.00000
16.93	-0.2390	0.00000	0.00000	+0.00000	+0.00000
16.99	-0.2714	0.00000	0.00000	+0.00000	+0.00000
17.02	-0.3424	0.00000	0.00000	+0.00000	+0.00000
17.03	-0.4071	0.00000	0.00000	+0.00000	+0.00000
17.04	-0.4717	0.00000	0.00000	+0.00000	+0.00000
17.05	-0.5298	0.00000	0.00000	+0.00000	+0.00000
17.06	-0.5945	0.00000	0.00000	+0.00000	+0.00000
17.08	-0.6720	0.00000	0.00000	+0.00000	+0.00000
17.10	-0.7302	0.00000	0.00000	+0.00000	+0.00000
17.12	-0.7689	0.00000	0.00000	+-1.492	+0.00000
17.15	-0.7948	0.00000	0.00000	+0.00000	+0.00000
17.17	-0.7366	0.00000	0.00000	+0.00000	+0.00000
17.18	-0.6203	0.00000	0.00000	+0.00000	+0.00000
17.20	-0.4329	0.00000	0.00000	+0.00000	+0.00000
17.23	-0.3489	0.00000	0.00000	+0.00000	+0.00000
17.28	-0.3295	0.00000	0.00000	+0.00000	+0.00000
17.30	-0.2907	0.00000	0.00000	+0.00000	+0.00000
17.32	-0.2520	0.00000	0.00000	+0.00000	+0.00000
17.34	-0.2132	0.00000	3.344	+0.00000	+0.00000
17.35	-0.1873	0.00000	0.00000	+0.00000	+0.00000
17.36	-0.1550	0.00000	0.00000	+0.00000	+0.00000
17.38	-0.09693	0.00000	0.00000	+0.00000	+0.00000
17.39	-0.05815	0.00000	0.00000	+0.00000	+0.00000
17.40	-0.03231	0.00000	0.00000	+0.00000	+0.00000
17.42	0.00000	0.00000	0.00000	+0.00000	+0.00000
17.44	0.05169	0.00000	0.00000	+0.00000	+0.00000
17.47	0.1033	0.00000	0.00000	+0.00000	+0.00000
17.48	-1.357	0.00000	0.00000	+0.00000	+0.00000
17.50	-1.369	0.00000	0.00000	+0.00000	+0.00000
17.51	-1.324	0.00000	0.00000	+0.00000	+0.00000
17.53	-1.298	0.00000	0.00000	+0.00000	+0.00000
17.55	-1.266	0.00000	0.00000	+0.00000	+0.00000
17.58	-1.195	0.00000	0.00000	+0.00000	+0.00000
17.59	-1.279	0.00000	0.00000	+0.00000	+0.00000
17.60	-1.311	0.00000	0.00000	+0.00000	+0.00000
17.61	-1.415	0.00000	0.00000	+0.00000	+0.00000
17.62	-1.550	0.00000	0.00000	+0.00000	+0.00000
17.62	-1.466	0.00000	0.00000	+0.00000	+0.00000
17.64	-1.596	0.00000	0.00000	+0.00000	+0.00000
17.65	-1.647	0.00000	0.00000	+0.00000	+0.00000
17.66	-1.693	0.00000	0.00000	+0.00000	+0.00000
17.67	-1.770	0.00000	0.00000	+0.00000	+0.00000
17.69	-1.802	0.00000	0.00000	+0.00000	+0.00000
17.71	-1.951	0.00000	0.00000	+0.00000	+0.00000
17.72	-2.061	0.00000	0.00000	+0.00000	+0.00000
17.73	-2.029	0.00000	0.00000	+0.00000	+0.00000
17.75	-2.022	0.00000	0.00000	+0.00000	+0.00000
17.79	-1.990	0.00000	0.00000	+0.00000	+0.00000
17.81	-1.957	0.00000	0.00000	+0.00000	+0.00000
17.82	-2.093	0.00000	0.00000	+0.00000	+0.00000
17.83	-2.113	0.00000	0.00000	+0.00000	+0.00000
17.86	-2.100	0.00000	0.00000	+0.00000	+0.00000
17.87	-2.158	0.00000	0.00000	+0.00000	+0.00000
17.89	-2.210	0.00000	0.00000	+0.00000	+0.00000
17.90	-2.171	0.00000	0.00000	+0.00000	+0.00000
17.95	-2.126	0.00000	0.00000	+0.00000	+0.00000
17.98	-2.113	0.00000	0.00000	+0.00000	+0.00000
18.01	-2.087	0.00000	0.00000	+0.00000	+0.00000
18.03	-2.061	0.00000	0.00000	+0.00000	+0.00000
18.04	-2.035	0.00000	0.00000	+0.00000	+0.00000
18.07	-2.003	0.00000	0.00000	+0.00000	+0.00000
18.08	-1.977	0.00000	0.00000	+0.00000	+0.00000
18.09	-2.190	0.00000	0.00000	+0.00000	+0.00000
18.10	-2.287	0.00000	0.00000	+0.00000	+0.00000
18.12	-2.319	0.00000	0.00000	+0.00000	+0.00000
18.14	-2.429	0.00000	0.00000	+0.00000	+0.00000
18.17	-2.352	0.00000	0.00000	+0.00000	+0.00000
18.21	-2.339	0.00000	0.00000	+0.00000	+0.00000
18.23	-2.306	0.00000	0.00000	+0.00000	+0.00000
18.25	-2.216	0.00000	0.00000	+0.00000	+0.00000
18.28	-2.306	0.00000	0.00000	+0.00000	+0.00000
18.29	-2.248	0.00000	0.00000	+0.00000	+0.00000
18.32	-2.210	0.00000	0.00000	+0.00000	+0.00000
18.35	-2.164	0.00000	0.00000	+0.00000	+0.00000
18.36	-2.119	0.00000	0.00000	+0.00000	+0.00000
18.37	-2.087	0.00000	0.00000	+0.00000	+0.00000
18.39	-2.035	0.00000	0.00000	+0.00000	+0.00000
18.43	-2.022	0.00000	0.00000	+0.00000	+0.00000
18.45	-1.964	0.00000	0.00000	+0.00000	+0.00000
18.46	-2.061	0.00000	0.00000	+0.00000	+0.00000
18.50	-2.100	0.00000	0.00000	+0.00000	+0.00000
18.53	-2.022	0.00000	0.00000	+0.00000	+0.00000
18.55	-2.061	0.00000	0.00000	+0.00000	+0.00000
18.57	-2.132	0.00000	0.00000	+0.00000	+0.00000
18.59	-2.177	0.00000	0.00000	+0.00000	+0.00000
18.64	-2.126	0.00000	0.00000	+0.00000	+0.00000
18.65	-2.093	0.00000	0.00000	+0.00000	+0.00000
18.66	-2.080	0.00000	0.00000	+0.00000	+0.00000
18.68	-2.054	0.00000	0.00000	+0.00000	+0.00000
18.72	-1.983	0.00000	0.00000	+0.00000	+0.00000
18.74	-2.177	0.00000	0.00000	+0.00000	+0.00000
18.76	-2.274	0.00000	0.00000	+0.00000	+0.00000
18.78	-2.326	0.00000	0.00000	+0.00000	+0.00000
18.79	-2.429	0.00000	0.00000	+0.00000	+0.00000
18.80	-2.539	0.00000	0.00000	+0.00000	+0.00000
18.84	-2.494	0.00000	0.00000	+0.00000	+0.00000
18.88	-2.429	0.00000	0.00000	+0.00000	+0.00000
18.90	-2.352	0.00000	0.00000	+0.00000	+0.00000
18.91	-2.274	0.00000	0.00000	+0.00000	+0.00000
18.95	-2.197	0.00000	0.00000	+0.00000	+0.00000
18.96	-2.248	0.00000	0.00000	+0.00000	+0.00000
18.97	-2.281	0.00000	0.00000	+0.00000	+0.00000
19.00	-2.261	0.00000	0.00000	+0.00000	+0.00000
19.02	-2.222	0.00000	0.00000	+0.00000	+0.00000
19.03	-2.184	0.00000	0.00000	+0.00000	+0.00000
19.06	-2.151	0.00000	0.00000	+0.00000	+0.00000
19.08	-2.113	0.00000	0.00000	+0.00000	+0.00000
19.08	-2.067	0.00000	0.00000	+0.00000	+0.00000
19.11	-2.093	0.00000	0.00000	+0.00000	+0.00000
19.12	-2.132	0.00000	0.00000	+0.00000	+0.00000
19.14	-2.093	0.00000	0.00000	+0.00000	+0.00000
19.16	-2.080	0.00000	0.00000	+0.00000	+0.00000
19.17	-2.061	0.00000	0.00000	+0.00000	+0.00000
19.20	-2.009	0.00000	0.00000	+0.00000	+0.00000
19.22	-2.022	0.00000	0.00000	+0.00000	+0.00000
19.24	-2.048	0.00000	0.00000	+0.00000	+0.00000
19.25	-2.054	0.00000	0.00000	+0.00000	+0.00000
19.29	-2.003	0.00000	0.00000	+0.00000	+0.00000
19.32	-1.970	0.00000	0.00000	+0.00000	+0.00000
19.36	-1.964	0.00000	0.00000	+0.00000	+0.00000
19.37	-1.925	0.00000	0.00000	+0.00000	+0.00000
19.40	-1.880	0.00000	0.00000	+0.00000	+0.00000
19.43	-1.848	0.00000	0.00000	+0.00000	+0.00000
19.45	-1.828	0.00000	0.00000	+0.00000	+0.00000
19.47	-1.809	0.00000	0.00000	+0.00000	+0.00000
19.50	-1.783	0.00000	0.00000	+0.00000	+0.00000
19.51	-1.757	0.00000	0.00000	+0.00000	+0.00000
19.54	-1.725	0.00000	0.00000	+0.00000	+0.00000
19.56	-1.693	0.00000	0.00000	+0.00000	+0.00000
19.59	-1.673	0.00000	0.00000	+0.00000	+0.00000
19.62	-1.654	0.00000	0.00000	+0.00000	+0.00000
19.67	-1.660	0.00000	0.00000	+0.00000	+0.00000
19.68	-1.738	0.00000	0.00000	+0.00000	+0.00000
19.69	-1.770	0.00000	0.00000	+0.00000	+0.00000
19.70	-1.783	0.00000	0.00000	+0.00000	+0.00000
19.77	-1.796	0.00000	0.00000	+0.00000	+0.00000
19.81	-1.802	0.00000	0.00000	+0.00000	+0.00000
19.84	-1.789	0.00000	0.00000	+0.00000	+0.00000
19.91	-1.783	0.00000	0.00000	+0.00000	+0.00000
19.97	-1.789	0.00000	0.00000	+0.00000	+0.00000
20.05	-1.764	0.00000	0.00000	+0.00000	+0.00000
20.11	-1.770	0.00000	0.00000	+0.00000	+0.00000
20.18	-1.770	0.00000	0.00000	+0.00000	+0.00000
20.23	-1.783	0.00000	0.00000	+0.00000	+0.00000
20.27	-1.783	0.00000	0.00000	+0.00000	+0.00000
20.32	-1.783	0.00000	0.00000	+0.00000	+0.00000
20.39	-1.789	0.00000	0.00000	+0.00000	+0.00000
20.45	-1.789	0.00000	0.00000	+0.00000	+0.00000
20.53	-1.796	0.00000	0.00000	+0.00000	+0.00000
20.59	-1.789	0.00000	0.00000	+0.00000	+0.00000
20.76	-1.815	0.00000	0.00000	+0.00000	+0.00000
20.80	-1.848	0.00000	0.00000	+0.00000	+0.00000
20.83	-1.873	0.00000	0.00000	+0.00000	+0.00000
20.85	-1.893	0.00000	0.00000	+0.00000	+0.00000
20.89	-1.938	0.00000	0.00000	+0.00000	+0.00000
20.93	-1.996	0.00000	0.00000	+0.00000	+0.00000
20.97	-2.035	0.00000	0.00000	+0.00000	+0.00000
21.02	-2.074	0.00000	0.00000	+0.00000	+0.00000
21.05	-2.132	0.00000	0.00000	+0.00000	+0.00000
21.10	-2.177	0.00000	0.00000	+0.00000	+0.00000
21.12	-2.216	0.00000	0.00000	+0.00000	+0.00000
21.16	-2.248	0.00000	0.00000	+0.00000	+0.00000
21.20	-2.287	0.00000	0.00000	+0.00000	+0.00000
21.22	-2.326	0.00000	0.00000	+0.00000	+0.00000
21.26	-2.397	0.00000	0.00000	+0.00000	+0.00000

