# INPUT : tev01_wrbr_hfreb2_pca_5_8_32
# LabelHelper : tp
#   xtt         xtt1       xtt2       dtt        rt       ert          rx       erx      nx       rxmin        rxmax
# 
 -327284.06 -328124.06 -326444.06   1680.0     1.5559    0.2261      0.0100    0.0001     0     0.0100       0.0100
 -325588.90 -326428.90 -324748.90   1680.0     1.4784    0.2066      0.0100    0.0001     0     0.0100       0.0100
 -261084.04 -261982.81 -260185.26   1797.5     2.8623    0.3780      0.0100    0.0001     0     0.0100       0.0100
 -259285.02 -260184.96 -258385.08   1799.9     2.8871    0.3770      0.0100    0.0001     0     0.0100       0.0100
 -257485.91 -258384.82 -256587.01   1797.8     2.4852    0.3731      0.0100    0.0001     0     0.0100       0.0100
 -255691.56 -256598.50 -254784.62   1813.9     2.4852    0.3599      0.0100    0.0001     0     0.0100       0.0100
 -254329.98 -254773.86 -253886.10    887.8     3.9822    0.5792      0.0100    0.0001     0     0.0100       0.0100
 -244172.45 -245012.45 -243332.45   1680.0     2.1393    0.3859      0.0100    0.0001     0     0.0100       0.0100
 -240191.14 -241031.14 -239351.14   1680.0     1.9281    0.1971      0.0100    0.0001     0     0.0100       0.0100
 -238920.19 -239760.19 -238080.19   1680.0     1.3102    0.2989      0.0100    0.0001     0     0.0100       0.0100
 -176465.87 -177364.90 -175566.83   1798.1     0.7878    0.3789      0.0100    0.0001     0     0.0100       0.0100
 -174667.02 -175567.00 -173767.03   1800.0     1.0587    0.3325      0.0100    0.0001     0     0.0100       0.0100
 -172866.96 -173766.95 -171966.98   1800.0     1.6173    0.3308      0.0100    0.0001     0     0.0100       0.0100
 -171059.04 -171976.57 -170141.52   1835.0     1.8246    0.3239      0.0100    0.0001     0     0.0100       0.0100
 -169233.06 -170133.05 -168333.08   1800.0     1.2758    0.3218      0.0100    0.0001     0     0.0100       0.0100
 -167435.77 -168334.54 -166536.99   1797.5     0.9765    0.3436      0.0100    0.0001     0     0.0100       0.0100
 -164783.03 -165572.56 -163993.51   1579.0     0.8659    0.4048      0.0100    0.0001     0     0.0100       0.0100
 -158045.47 -158885.47 -157205.47   1680.0     1.1531    0.4145      0.0100    0.0001     0     0.0100       0.0100
 -157339.58 -158179.58 -156499.58   1680.0     1.2671    0.4117      0.0100    0.0001     0     0.0100       0.0100
 -147936.67 -148776.67 -147096.67   1680.0     0.4887    0.2698      0.0100    0.0001     0     0.0100       0.0100
 -140908.90 -141748.90 -140068.90   1680.0     1.0912    0.3652      0.0100    0.0001     0     0.0100       0.0100
  -90404.04  -90853.92  -89954.15    899.8     0.6853    0.5321      0.0100    0.0001     0     0.0100       0.0100
  -88155.65  -89055.20  -87256.09   1799.1     0.6688    0.3971      0.0100    0.0001     0     0.0100       0.0100
  -86807.12  -87257.13  -86357.10    900.0     0.6273    0.5714      0.0100    0.0001     0     0.0100       0.0100
  -84563.48  -85452.45  -83674.51   1777.9     0.1910    0.6110      0.0100    0.0001     0     0.0100       0.0100
  -82751.93  -83651.92  -81851.95   1800.0     0.7385    0.3438      0.0100    0.0001     0     0.0100       0.0100
  -81403.32  -81853.25  -80953.39    899.9     0.1625    0.8926      0.0100    0.0001     0     0.0100       0.0100
  -79155.88  -80055.69  -78256.06   1799.6     0.8317    0.3589      0.0100    0.0001     0     0.0100       0.0100
  -77356.08  -78255.98  -76456.18   1799.8     0.6223    0.4690      0.0100    0.0001     0     0.0100       0.0100
  -75106.92  -75556.85  -74656.99    899.9     0.5171    0.8357      0.0100    0.0001     0     0.0100       0.0100
  -71670.53  -72510.53  -70830.53   1680.0     0.3602    0.2013      0.0100    0.0001     0     0.0100       0.0100
  -69897.60  -70737.60  -69057.60   1680.0     0.4395    0.1570      0.0100    0.0001     0     0.0100       0.0100
  -57046.46  -57886.46  -56206.46   1680.0     0.6774    0.1730      0.0100    0.0001     0     0.0100       0.0100
   -3487.02   -4385.97   -2588.07   1797.9     1.1876    0.3545      9.7990    0.4406    34     9.0359      10.7309
   -1689.90   -2588.72    -791.08   1797.6     1.0328    0.3432      9.2434    0.4333    56     7.9447      10.1467
     109.12    -790.78    1009.02   1799.8     1.2369    0.3422      9.0915    0.4625    13     8.1243      10.0829
    1907.80     998.87    2816.73   1817.9     1.1301    0.3268      8.4832    0.4724    24     7.3876       9.6313
    3725.31    2825.62    4624.99   1799.4     0.8771    0.3518      8.7994    0.4616    57     7.7144      10.2295
    5524.76    4625.12    6424.40   1799.3     0.8085    0.3668      9.3587    0.4762    22     8.5319      10.3486
    7316.27    6428.81    8203.73   1774.9     0.8374    0.3855      9.7974    0.4030    13     9.0201      10.3199
    9152.09    8252.06   10052.12   1800.1     1.2278    0.3766     10.1817    0.3442    56     9.3775      10.9365
   10951.89   10051.91   11851.88   1800.0     0.7027    0.5128     10.1601    0.4573    32     9.0271      11.1717
   12751.52   11852.01   13651.03   1799.0     1.5720    0.5274      9.6685    0.1896     5     9.4418       9.9349
   14101.08   13651.15   14551.01    899.9     1.5852    1.5181      9.8127    0.4711    14     9.0119      10.7691
   15191.71   14351.71   16031.71   1680.0     0.5271    0.2305      9.3386    0.0987     3     9.2116       9.4523
   17013.02   16173.02   17853.02   1680.0     0.6883    0.1933      9.7418    0.3310    20     9.1955      10.3014
   18703.87   17863.87   19543.87   1680.0     0.6510    0.1758     12.6376    0.4351    10    11.9403      13.3184
   20398.18   19558.18   21238.18   1680.0     1.0324    0.1707     13.8430    0.6550    53    12.3717      15.3314
   22087.30   21247.30   22927.30   1680.0     1.3211    0.1693     14.7311    0.5379    21    14.0764      15.7941
   23775.55   22935.55   24615.55   1680.0     1.3369    0.1628      0.0100    0.0001     0     0.0100       0.0100
   25462.94   24622.94   26302.94   1680.0     1.7780    0.1723     18.3786    1.1466    42    15.9867      20.2674
   27279.07   26439.07   28119.07   1680.0     2.2867    0.1733     20.6145    0.9470    39    18.8767      23.1030
   29013.98   28173.98   29853.98   1680.0     3.9605    0.2011      0.0100    0.0001     0     0.0100       0.0100
   30836.16   29996.16   31676.16   1680.0     5.1423    0.2258     19.4335    1.0208    31    17.5827      21.4795
   32522.69   31682.69   33362.69   1680.0     4.5161    0.2411     17.1726    1.0480    53    14.9585      19.3819
   34232.54   33392.54   35072.54   1680.0     2.9691    0.2567     16.0937    0.3096     4    15.5996      16.3650
   35924.26   35084.26   36764.26   1680.0     2.0376    0.2824     13.1630    0.3806    11    12.5910      13.8041
   81432.00   80532.06   82331.94   1799.9     0.8833    0.3607      9.9871    0.5225     3     9.4544      10.6969
   83231.28   82332.11   84130.44   1798.3     1.3677    0.3405     10.4287    0.4607    56     9.3941      11.7399
   85030.04   84130.10   85929.98   1799.9     1.6104    0.3301     10.7386    0.5035    44     9.5850      11.8488
   86849.28   85898.36   87800.20   1901.8     1.1293    0.3557      0.0100    0.0001     0     0.0100       0.0100
   88731.50   87831.99   89631.01   1799.0     1.0842    0.3580      8.7380    0.4269    52     7.6349       9.5287
   90528.54   89629.37   91427.70   1798.3     0.7420    0.3479      8.1287    0.3999    51     7.2634       8.9081
   92316.24   91437.77   93194.71   1756.9     0.6741    0.4107      0.0100    0.0001     0     0.0100       0.0100
   94139.97   93241.15   95038.79   1797.6     0.9526    0.3736     10.8792    0.6198    42     9.3382      12.3076
   95936.75   95037.54   96835.96   1798.4     1.0252    0.4081     11.2339    0.5741    56     9.8489      12.6460
   96904.43   96836.00   96972.86    136.9     1.8350    1.3981     11.6205    0.4482     4    10.8872      12.0487
  100638.72   99798.72  101478.72   1680.0     2.8376    0.2416     16.9316    1.3127    52    14.4019      20.1225
  102324.38  101484.38  103164.38   1680.0     1.8713    0.2133     17.3049    0.6783    39    15.9297      18.7643
  104040.29  103200.29  104880.29   1680.0     1.7425    0.1923      0.0100    0.0001     0     0.0100       0.0100
  105727.68  104887.68  106567.68   1680.0     1.6896    0.1812     15.7655    0.5607    44    14.5061      16.9693
  107418.53  106578.53  108258.53   1680.0     2.0436    0.1789     15.8603    0.6397    35    14.7095      17.3939
  110990.30  110150.30  111830.30   1680.0     1.3061    0.1631      9.8724    0.1401     8     9.6603      10.1113
  112679.42  111839.42  113519.42   1680.0     0.9711    0.1578      9.2754    0.5452    52     8.0911      11.0013
  123856.13  123016.13  124696.13   1680.0     0.9300    0.3503     11.2698    0.4582    53    10.3828      12.4331
  168157.99  167258.00  169057.97   1800.0     3.0111    0.3524     28.3232    0.7809    28    27.2498      29.7073
  169956.49  169057.93  170855.05   1797.1     3.1240    0.3470     28.3628    0.7311    56    26.7420      29.7916
  171753.26  170853.71  172652.82   1799.1     3.4295    0.3544     27.9353    0.6482    19    26.8199      29.1023
  173569.13  172645.86  174492.40   1846.5     3.3974    0.3530     29.0080    0.8059    19    27.4485      30.7464
  175397.01  174497.03  176297.00   1800.0     3.1661    0.3446     30.6658    0.8513    56    28.8286      32.4341
  177195.00  176296.14  178093.86   1797.7     2.8956    0.3568     29.5476    1.0873    28    27.3765      31.9617
  178987.54  178096.97  179878.11   1781.1     3.4052    0.3513     31.2753    0.8281     8    30.0430      32.3870
  180825.09  179925.15  181725.03   1799.9     3.0527    0.3645     28.7552    1.2101    56    26.3493      32.0556
  182623.08  181723.22  183522.93   1799.7     3.2644    0.3951     28.5763    0.7332    37    27.0919      30.2404
  184422.53  183523.10  185321.95   1798.8     2.1790    0.4893      0.0100    0.0001     0     0.0100       0.0100
  186227.42  185314.61  187140.24   1825.6     2.0620    0.9065     29.3201    0.8427    31    27.4938      31.2780
  186743.23  185903.23  187583.23   1680.0     3.1666    0.2816      0.0100    0.0001     0     0.0100       0.0100
  188431.49  187591.49  189271.49   1680.0     3.7123    0.2515     28.1868    0.9381    14    25.9307      29.6475
  190128.38  189288.38  190968.38   1680.0     3.5487    0.2323      0.0100    0.0001     0     0.0100       0.0100
  191814.91  190974.91  192654.91   1680.0     3.3049    0.2167     27.1135    0.7181    49    25.8828      28.5421
  195365.09  194525.09  196205.09   1680.0     2.8134    0.1776      0.0100    0.0001     0     0.0100       0.0100
  197055.07  196215.07  197895.07   1680.0     3.5772    0.1892     24.5854    1.2160    33    22.7233      27.4643
  198742.46  197902.46  199582.46   1680.0     3.9857    0.1958     27.6602    0.8312    47    25.5457      29.9077
  200431.58  199591.58  201271.58   1680.0     3.3562    0.1955      0.0100    0.0001     0     0.0100       0.0100
  202119.84  201279.84  202959.84   1680.0     4.5199    0.2185     29.2371    0.6568    14    28.1108      30.5882
  203808.10  202968.10  204648.10   1680.0     4.3858    0.2307     28.6734    0.8965    52    26.7881      31.0964
  205497.22  204657.22  206337.22   1680.0     4.2047    0.2479     28.3469    0.7219    18    27.0011      29.7152
  214450.85  213610.85  215290.85   1680.0     3.7748    0.7319     35.6383    1.0228    41    33.6271      38.0068
  253659.00  252759.10  254558.90   1799.8     2.0725    0.3579      0.0100    0.0001     0     0.0100       0.0100
  255457.50  254558.16  256356.84   1798.7     1.3450    0.3517     21.8186    0.7383    37    19.9256      23.7123
  257255.22  256355.41  258155.04   1799.6     1.5521    0.3393     21.2710    0.6665    32    20.3803      23.0567
  259072.99  258150.07  259995.92   1845.8     1.7782    0.3152     18.5308    0.4877     7    17.6417      19.3106
  260901.04  260001.23  261800.86   1799.6     2.1655    0.3436     18.2189    0.6286    56    17.0381      19.8973
  262699.98  261800.12  263599.83   1799.7     2.3941    0.3310     18.2919    0.7618    41    16.7771      20.1186
  264495.02  263605.15  265384.90   1779.8     3.0049    0.3443      0.0100    0.0001     0     0.0100       0.0100
  266423.82  265524.09  267323.54   1799.5     2.2957    0.3446     22.0070    0.9606    56    20.3678      24.2576
  268222.58  267323.15  269122.00   1798.8     1.7076    0.3810     21.0665    0.5658    47    20.0548      22.3961
  269190.52  269120.14  269260.89    140.8     1.9695    1.1584      0.0100    0.0001     0     0.0100       0.0100
  272705.18  271865.18  273545.18   1680.0     1.1462    0.2563     13.8497    0.6542    49    12.5459      15.5773
  274516.13  273676.13  275356.13   1680.0     1.3549    0.2285     15.1540    0.0340     2    15.1200      15.1880
  276426.43  275586.43  277266.43   1680.0     1.1157    0.2057      0.0100    0.0001     0     0.0100       0.0100
  278115.55  277275.55  278955.55   1680.0     0.8270    0.1875     10.8983    0.4000    17    10.1781      11.4150
  283652.93  282812.93  284492.93   1680.0     0.7965    0.1565     11.7829    0.7359    36    10.1267      13.1469
  285343.78  284503.78  286183.78   1680.0     0.9150    0.1590     11.1794    0.5528    23    10.0697      12.5134
  287036.35  286196.35  287876.35   1680.0     0.9860    0.1666      0.0100    0.0001     0     0.0100       0.0100
  288728.93  287888.93  289568.93   1680.0     0.9789    0.1759     10.5513    0.5444    36     9.0679      11.5766
  290437.92  289597.92  291277.92   1680.0     0.5465    0.1801     10.8358    0.4453    48     9.8431      11.9428
  339805.67  338906.25  340705.10   1798.8     1.4025    0.3630     13.8522    0.3677    23    12.9978      14.5338
  341604.26  340705.35  342503.16   1797.8     1.5959    0.3513     13.5801    0.4668    56    12.0555      14.6050
  343402.93  342502.95  344302.92   1800.0     1.4723    0.3636     13.8109    0.5551    25    12.5708      15.0835
  345201.87  344301.88  346101.85   1800.0     1.9178    0.3787     15.4099    0.0001     1    15.4099      15.4099
  347001.24  346102.42  347900.06   1797.6     2.5884    0.3571     16.3647    1.1259    56    14.2435      19.0015
  348808.46  347909.47  349707.45   1798.0     3.1515    0.3720     20.4766    0.9975    35    18.0981      22.5816
  350612.15  349712.94  351511.36   1798.4     2.9881    0.3412     20.2117    1.0256     3    19.0588      21.5503
  352411.00  351511.14  353310.85   1799.7     3.3646    0.3460     19.4955    1.0339    56    17.1017      21.2551
  354209.24  353309.56  355108.93   1799.4     3.1369    0.3701     18.2981    0.5445    45    16.8057      19.4051
  355350.93  355107.93  355593.93    486.0     2.4756    0.6853      0.0100    0.0001     0     0.0100       0.0100
  362310.62  361470.62  363150.62   1680.0     2.6545    0.2161      0.0100    0.0001     0     0.0100       0.0100
  363998.88  363158.88  364838.88   1680.0     1.8416    0.1975      0.0100    0.0001     0     0.0100       0.0100
  365687.14  364847.14  366527.14   1680.0     1.3460    0.1917      0.0100    0.0001     0     0.0100       0.0100
  367378.85  366538.85  368218.85   1680.0     1.0303    0.1800      0.0100    0.0001     0     0.0100       0.0100
  369063.65  368223.65  369903.65   1680.0     0.9125    0.1820     10.3306    0.5736    40     8.7014      11.7537
  370751.90  369911.90  371591.90   1680.0     1.3214    0.1839     11.2675    0.4144    37    10.3593      12.2505
  372444.48  371604.48  373284.48   1680.0     1.3392    0.1815      0.0100    0.0001     0     0.0100       0.0100
  374138.78  373298.78  374978.78   1680.0     1.4852    0.1874     13.5634    0.4393    20    12.6753      14.3220
  375852.10  375012.10  376692.10   1680.0     1.3321    0.2057     13.7351    0.5652    53    12.2109      14.8114
  377541.22  376701.22  378381.22   1680.0     2.0686    0.2252     14.1967    0.5076     8    13.0176      14.6384
  425870.01  424970.02  426769.99   1800.0     3.7516    0.3537     37.2508    2.1733    28    33.5285      40.6448
  427614.08  426712.88  428515.27   1802.4     3.6963    0.3657     31.7198    1.0271    54    29.7192      34.6861
  429471.76  428571.95  430371.58   1799.6     3.4231    0.3335     33.6492    0.9212    20    31.7471      34.9119
  431270.44  430370.97  432169.90   1798.9     3.6355    0.3345     36.3702    0.9280    17    34.9734      39.3545
  433062.37  432174.18  433950.56   1776.4     3.4171    0.3262     34.4036    2.0156    56    31.0632      37.8663
  434904.85  434005.00  435804.71   1799.7     3.7634    0.3397     34.7728    1.2984    29    32.4713      37.2021
  436703.96  435804.02  437603.90   1799.9     3.9232    0.3386     42.3890    0.9359     8    40.1825      43.5787
  438501.25  437601.57  439400.94   1799.4     4.1434    0.3523     41.9697    1.5962    56    38.9612      46.1719
  440303.21  439392.30  441214.13   1821.8     3.9080    0.3545     42.2318    0.9188    34    40.6807      44.3680
  441376.56  441222.08  441531.05    309.0     4.5259    0.9623      0.0100    0.0001     0     0.0100       0.0100
  455587.20  454747.20  456427.20   1680.0     2.1024    0.1584     18.6232    0.6021    52    17.3202      19.8443
  457285.82  456445.82  458125.82   1680.0     1.1896    0.1528     17.8616    0.5862    16    16.3941      18.5931
  458975.81  458135.81  459815.81   1680.0     1.8267    0.1699      0.0100    0.0001     0     0.0100       0.0100
  460664.06  459824.06  461504.06   1680.0     1.7002    0.1772     20.0688    0.5861    39    19.1677      21.9044
  462468.10  461628.10  463308.10   1680.0     1.8685    0.1887     20.0809    0.7824    38    18.3783      22.3378
  512464.15  511833.21  513095.08   1261.9     2.4350    0.4837     15.5507    0.4157     9    15.0265      16.3885
  519713.02  518813.12  520612.92   1799.8     2.1937    0.3135     14.8505    1.5541    56    12.6663      18.1373
  521512.39  520612.40  522412.37   1800.0     2.5027    0.3166     17.7680    0.2350     7    17.3380      18.0399
  523310.54  522411.77  524209.32   1797.5     2.0997    0.3306     15.3569    0.6272    30    14.0591      16.2304
  525144.56  524182.19  526106.92   1924.7     2.2669    0.3327     15.6656    0.6929    29    14.4790      17.4185
  527033.09  526133.45  527932.73   1799.3     1.6428    0.3643      0.0100    0.0001     0     0.0100       0.0100
  528636.93  528127.78  529146.09   1018.3     1.2037    0.9202      0.0100    0.0001     0     0.0100       0.0100
  537973.06  537133.06  538813.06   1680.0     1.6665    0.1675      0.0100    0.0001     0     0.0100       0.0100
  539660.45  538820.45  540500.45   1680.0     2.3984    0.1698      0.0100    0.0001     0     0.0100       0.0100
  541509.41  540669.41  542349.41   1680.0     3.1277    0.1725     25.8223    0.6478    20    24.5441      26.8963
  543219.26  542379.26  544059.26   1680.0     2.9728    0.1613     25.1174    0.5652    14    24.0050      26.1697
  544906.66  544066.66  545746.66   1680.0     3.1368    0.1761      0.0100    0.0001     0     0.0100       0.0100
  546597.50  545757.50  547437.50   1680.0     4.3900    0.1960     27.3318    1.1128    39    24.8773      30.3504
  548285.76  547445.76  549125.76   1680.0     3.2927    0.2042     25.9286    0.9349    39    23.5316      27.6343
  598719.08  597819.05  599619.11   1800.1     2.6435    0.3383      0.0100    0.0001     0     0.0100       0.0100
  600517.07  599617.30  601416.84   1799.5     3.3291    0.3424      0.0100    0.0001     0     0.0100       0.0100
  602316.86  601417.01  603216.72   1799.7     3.2738    0.3380      0.0100    0.0001     0     0.0100       0.0100
  604106.12  603202.21  605010.04   1807.8     3.0105    0.3248      0.0100    0.0001     0     0.0100       0.0100
  605921.21  605021.49  606820.94   1799.5     3.1755    0.3349      0.0100    0.0001     0     0.0100       0.0100
  607720.49  606820.94  608620.05   1799.1     3.1183    0.3340      0.0100    0.0001     0     0.0100       0.0100
  609520.03  608620.09  610419.97   1799.9     3.4139    0.3429      0.0100    0.0001     0     0.0100       0.0100
  611317.67  610418.64  612216.71   1798.1     2.9414    0.3422      0.0100    0.0001     0     0.0100       0.0100
  613116.52  612217.09  614015.94   1798.8     2.7262    0.3716      0.0100    0.0001     0     0.0100       0.0100
  614080.14  614015.34  614144.94    129.6     3.4167    1.7164      0.0100    0.0001     0     0.0100       0.0100
  628804.51  627964.51  629644.51   1680.0     1.1379    0.1540      0.0100    0.0001     0     0.0100       0.0100
  630491.04  629651.04  631331.04   1680.0     2.7210    0.1770      0.0100    0.0001     0     0.0100       0.0100
  632778.91  631938.91  633618.91   1680.0     3.1278    0.2022      0.0100    0.0001     0     0.0100       0.0100
  634468.03  633628.03  635308.03   1680.0     3.4018    0.2185      0.0100    0.0001     0     0.0100       0.0100
  643534.85  642694.85  644374.85   1680.0     3.4257    0.5527      0.0100    0.0001     0     0.0100       0.0100
  684289.99  683390.05  685189.93   1799.9     2.6735    0.3554      0.0100    0.0001     0     0.0100       0.0100
  686089.96  685189.97  686989.94   1800.0     2.7322    0.3331      0.0100    0.0001     0     0.0100       0.0100
  687889.93  686989.94  688789.91   1800.0     3.2596    0.3721      0.0100    0.0001     0     0.0100       0.0100
  689690.76  688780.45  690601.07   1820.6     3.8790    0.3763      0.0100    0.0001     0     0.0100       0.0100
  691510.35  690610.97  692409.73   1798.8     3.1826    0.3725      0.0100    0.0001     0     0.0100       0.0100
  693308.42  692409.08  694207.76   1798.7     3.0925    0.3429      0.0100    0.0001     0     0.0100       0.0100
  695097.68  694217.52  695977.83   1760.3     3.3072    0.3486      0.0100    0.0001     0     0.0100       0.0100
  696929.01  696029.07  697828.95   1799.9     3.1056    0.3806      0.0100    0.0001     0     0.0100       0.0100
  698728.81  697829.21  699628.40   1799.2     3.5274    0.4195      0.0100    0.0001     0     0.0100       0.0100
  699693.64  699628.36  699758.91    130.6     4.8005    1.8622      0.0100    0.0001     0     0.0100       0.0100
  717037.06  716197.06  717877.06   1680.0     3.4989    0.1930      0.0100    0.0001     0     0.0100       0.0100
  718743.46  717903.46  719583.46   1680.0     4.3259    0.2105      0.0100    0.0001     0     0.0100       0.0100
  720451.58  719611.58  721291.58   1680.0     3.4716    0.2166      0.0100    0.0001     0     0.0100       0.0100
  722163.17  721323.17  723003.17   1680.0     4.7191    0.2463      0.0100    0.0001     0     0.0100       0.0100
  723952.51  723112.51  724792.51   1680.0     1.9979    0.1685      0.0100    0.0001     0     0.0100       0.0100
  725650.27  724810.27  726490.27   1680.0     6.5719    0.3387      0.0100    0.0001     0     0.0100       0.0100
  727348.90  726508.90  728188.90   1680.0     6.4520    0.3942      0.0100    0.0001     0     0.0100       0.0100
  729100.22  728260.22  729940.22   1680.0     5.6601    0.4934      0.0100    0.0001     0     0.0100       0.0100
  730797.98  729957.98  731637.98   1680.0     5.0820    0.6356      0.0100    0.0001     0     0.0100       0.0100
  803150.21  802310.21  803990.21   1680.0     2.5781    0.1624      0.0100    0.0001     0     0.0100       0.0100
  805689.50  804849.50  806529.50   1680.0     2.4562    0.1851      0.0100    0.0001     0     0.0100       0.0100
  807380.35  806540.35  808220.35   1680.0     2.7886    0.2066      0.0100    0.0001     0     0.0100       0.0100
  809072.93  808232.93  809912.93   1680.0     3.1229    0.2404      0.0100    0.0001     0     0.0100       0.0100
  810834.62  809994.62  811674.62   1680.0     3.5305    0.2740      0.0100    0.0001     0     0.0100       0.0100
  861233.21  860337.29  862129.14   1791.8     2.8816    0.9716      0.0100    0.0001     0     0.0100       0.0100
  863167.02  862305.05  864028.99   1723.9     3.1643    0.4687     30.5518    0.9251    53    28.8661      32.3268
  865027.47  864128.00  865926.93   1798.9     3.4334    0.3560     30.3498    0.7223    12    28.5439      31.2825
  866825.71  865926.07  867725.35   1799.3     3.4843    0.3795      0.0100    0.0001     0     0.0100       0.0100
  868627.24  867724.31  869530.16   1805.8     3.6065    0.3915      0.0100    0.0001     0     0.0100       0.0100
  870428.59  869521.09  871336.09   1815.0     3.9768    0.3774      0.0100    0.0001     0     0.0100       0.0100
  872054.38  871533.65  872575.12   1041.5     2.8436    0.6514      0.0100    0.0001     0     0.0100       0.0100
  885034.94  884194.94  885874.94   1680.0     2.0454    0.1791      0.0100    0.0001     0     0.0100       0.0100
  886189.25  885349.25  887029.25   1680.0     2.7683    0.2998      0.0100    0.0001     0     0.0100       0.0100
  889072.42  888232.42  889912.42   1680.0     2.1998    0.1868      0.0100    0.0001     0     0.0100       0.0100
  890226.72  889386.72  891066.72   1680.0     1.1070    0.2917      0.0100    0.0001     0     0.0100       0.0100
  953073.99  952174.05  953973.93   1799.9     0.9666    0.3943     13.4398    0.3573    37    12.5729      14.3042
  954871.55  953972.34  955770.76   1798.4     0.9893    0.3410     12.9504    0.4590    18    12.0018      13.8800
  956670.05  955770.06  957570.03   1800.0     1.1572    0.3709      0.0100    0.0001     0     0.0100       0.0100
  958468.90  957569.39  959368.41   1799.0     1.7895    0.4086     10.9114    0.3141    26    10.2752      11.4786
  959519.95  959367.93  959671.97    304.0     1.0840    0.9618     10.5127    0.3724    10     9.9023      11.1310
  981392.54  980552.54  982232.54   1680.0     1.2461    0.1845     18.3216    0.9115    26    16.7691      19.6597
 1041294.10 1040394.07 1042194.13   1800.1     1.9459    0.3484      0.0100    0.0001     0     0.0100       0.0100
 1043094.15 1042194.30 1043994.01   1799.7     2.3672    0.3675      0.0100    0.0001     0     0.0100       0.0100
 1065544.42 1064704.42 1066384.42   1680.0     2.0108    0.3953      0.0100    0.0001     0     0.0100       0.0100
 1066156.99 1065316.99 1066996.99   1680.0     1.7947    0.3921      0.0100    0.0001     0     0.0100       0.0100
 1154632.32 1153792.32 1155472.32   1680.0     1.1894    0.2019     20.3012    0.6188    53    19.0140      21.9100
