# INPUT : tev01_wrbr_hfreb2_pca_5_23_32
# LabelHelper : tp
#   xtt         xtt1       xtt2       dtt        rt       ert          rx       erx      nx       rxmin        rxmax
# 
 -327284.06 -328124.06 -326444.06   1680.0     1.5559    0.2261      0.0100    0.0001     0     0.0100       0.0100
 -325588.90 -326428.90 -324748.90   1680.0     1.4784    0.2066      0.0100    0.0001     0     0.0100       0.0100
 -261084.04 -261982.81 -260185.26   1797.5     2.8623    0.3780      0.0100    0.0001     0     0.0100       0.0100
 -259285.02 -260184.96 -258385.08   1799.9     2.8871    0.3770      0.0100    0.0001     0     0.0100       0.0100
 -257485.91 -258384.82 -256587.01   1797.8     2.4852    0.3731      0.0100    0.0001     0     0.0100       0.0100
 -255691.56 -256598.50 -254784.62   1813.9     2.4852    0.3599      0.0100    0.0001     0     0.0100       0.0100
 -254329.98 -254773.86 -253886.10    887.8     3.9822    0.5792      0.0100    0.0001     0     0.0100       0.0100
 -244172.45 -245012.45 -243332.45   1680.0     2.1393    0.3859      0.0100    0.0001     0     0.0100       0.0100
 -240191.14 -241031.14 -239351.14   1680.0     1.9281    0.1971      0.0100    0.0001     0     0.0100       0.0100
 -238920.19 -239760.19 -238080.19   1680.0     1.3102    0.2989      0.0100    0.0001     0     0.0100       0.0100
 -176465.87 -177364.90 -175566.83   1798.1     0.7878    0.3789      0.0100    0.0001     0     0.0100       0.0100
 -174667.02 -175567.00 -173767.03   1800.0     1.0587    0.3325      0.0100    0.0001     0     0.0100       0.0100
 -172866.96 -173766.95 -171966.98   1800.0     1.6173    0.3308      0.0100    0.0001     0     0.0100       0.0100
 -171059.04 -171976.57 -170141.52   1835.0     1.8246    0.3239      0.0100    0.0001     0     0.0100       0.0100
 -169233.06 -170133.05 -168333.08   1800.0     1.2758    0.3218      0.0100    0.0001     0     0.0100       0.0100
 -167435.77 -168334.54 -166536.99   1797.5     0.9765    0.3436      0.0100    0.0001     0     0.0100       0.0100
 -164783.03 -165572.56 -163993.51   1579.0     0.8659    0.4048      0.0100    0.0001     0     0.0100       0.0100
 -158045.47 -158885.47 -157205.47   1680.0     1.1531    0.4145      0.0100    0.0001     0     0.0100       0.0100
 -157339.58 -158179.58 -156499.58   1680.0     1.2671    0.4117      0.0100    0.0001     0     0.0100       0.0100
 -147936.67 -148776.67 -147096.67   1680.0     0.4887    0.2698      0.0100    0.0001     0     0.0100       0.0100
 -140908.90 -141748.90 -140068.90   1680.0     1.0912    0.3652      0.0100    0.0001     0     0.0100       0.0100
  -90404.04  -90853.92  -89954.15    899.8     0.6853    0.5321      0.0100    0.0001     0     0.0100       0.0100
  -88155.65  -89055.20  -87256.09   1799.1     0.6688    0.3971      0.0100    0.0001     0     0.0100       0.0100
  -86807.12  -87257.13  -86357.10    900.0     0.6273    0.5714      0.0100    0.0001     0     0.0100       0.0100
  -84563.48  -85452.45  -83674.51   1777.9     0.1910    0.6110      0.0100    0.0001     0     0.0100       0.0100
  -82751.93  -83651.92  -81851.95   1800.0     0.7385    0.3438      0.0100    0.0001     0     0.0100       0.0100
  -81403.32  -81853.25  -80953.39    899.9     0.1625    0.8926      0.0100    0.0001     0     0.0100       0.0100
  -79155.88  -80055.69  -78256.06   1799.6     0.8317    0.3589      0.0100    0.0001     0     0.0100       0.0100
  -77356.08  -78255.98  -76456.18   1799.8     0.6223    0.4690      0.0100    0.0001     0     0.0100       0.0100
  -75106.92  -75556.85  -74656.99    899.9     0.5171    0.8357      0.0100    0.0001     0     0.0100       0.0100
  -71670.53  -72510.53  -70830.53   1680.0     0.3602    0.2013      0.0100    0.0001     0     0.0100       0.0100
  -69897.60  -70737.60  -69057.60   1680.0     0.4395    0.1570      0.0100    0.0001     0     0.0100       0.0100
  -57046.46  -57886.46  -56206.46   1680.0     0.6774    0.1730      0.0100    0.0001     0     0.0100       0.0100
   -3487.02   -4385.97   -2588.07   1797.9     1.1876    0.3545     34.4727    0.9728    34    32.4283      36.8916
   -1689.90   -2588.72    -791.08   1797.6     1.0328    0.3432     32.2528    1.1152    56    29.0763      34.6213
     109.12    -790.78    1009.02   1799.8     1.2369    0.3422     30.8191    0.7471    13    29.7474      32.4427
    1907.80     998.87    2816.73   1817.9     1.1301    0.3268     29.5628    0.9822    24    27.8770      31.3497
    3725.31    2825.62    4624.99   1799.4     0.8771    0.3518     30.7860    0.9835    57    28.7889      33.3642
    5524.76    4625.12    6424.40   1799.3     0.8085    0.3668     33.0091    1.1326    22    30.4670      35.2518
    7316.27    6428.81    8203.73   1774.9     0.8374    0.3855     34.3560    0.8494    13    32.3814      35.6352
    9152.09    8252.06   10052.12   1800.1     1.2278    0.3766     34.6926    0.7779    56    33.0486      36.5205
   10951.89   10051.91   11851.88   1800.0     0.7027    0.5128     34.2996    0.7653    32    32.7093      35.7661
   12751.52   11852.01   13651.03   1799.0     1.5720    0.5274     30.6321    0.5124     5    29.7564      31.1434
   14101.08   13651.15   14551.01    899.9     1.5852    1.5181     30.9379    0.5741    14    29.8465      31.7855
   15191.71   14351.71   16031.71   1680.0     0.5271    0.2305     30.4661    0.5447     3    29.8181      31.1508
   17013.02   16173.02   17853.02   1680.0     0.6883    0.1933     30.4312    0.6080    20    29.3457      31.5280
   18703.87   17863.87   19543.87   1680.0     0.6510    0.1758     38.7117    1.5352    10    36.7410      41.1421
   20398.18   19558.18   21238.18   1680.0     1.0324    0.1707     42.9440    1.4805    53    39.3386      46.4411
   22087.30   21247.30   22927.30   1680.0     1.3211    0.1693     44.9865    1.2033    21    43.2274      47.3342
   23775.55   22935.55   24615.55   1680.0     1.3369    0.1628      0.0100    0.0001     0     0.0100       0.0100
   25462.94   24622.94   26302.94   1680.0     1.7780    0.1723     55.6253    3.5295    42    48.9699      62.1904
   27279.07   26439.07   28119.07   1680.0     2.2867    0.1733     63.4107    2.4938    39    58.1033      67.6344
   29013.98   28173.98   29853.98   1680.0     3.9605    0.2011      0.0100    0.0001     0     0.0100       0.0100
   30836.16   29996.16   31676.16   1680.0     5.1423    0.2258     72.5011    2.8995    31    67.1226      77.7179
   32522.69   31682.69   33362.69   1680.0     4.5161    0.2411     63.8400    4.1464    53    56.7859      72.0712
   34232.54   33392.54   35072.54   1680.0     2.9691    0.2567     58.1962    1.5004     4    56.5358      60.4424
   35924.26   35084.26   36764.26   1680.0     2.0376    0.2824     49.5363    0.5503    11    48.4357      50.5310
   81432.00   80532.06   82331.94   1799.9     0.8833    0.3607     34.6808    0.5569     3    33.9443      35.2906
   83231.28   82332.11   84130.44   1798.3     1.3677    0.3405     36.1149    1.4933    56    32.7950      38.8824
   85030.04   84130.10   85929.98   1799.9     1.6104    0.3301     37.2988    1.1461    44    34.1416      39.9026
   86849.28   85898.36   87800.20   1901.8     1.1293    0.3557      0.0100    0.0001     0     0.0100       0.0100
   88731.50   87831.99   89631.01   1799.0     1.0842    0.3580     29.0448    1.0260    52    27.3660      31.1879
   90528.54   89629.37   91427.70   1798.3     0.7420    0.3479     27.3161    1.2786    51    24.6363      30.5486
   92316.24   91437.77   93194.71   1756.9     0.6741    0.4107      0.0100    0.0001     0     0.0100       0.0100
   94139.97   93241.15   95038.79   1797.6     0.9526    0.3736     32.4531    1.3618    42    28.5378      35.0795
   95936.75   95037.54   96835.96   1798.4     1.0252    0.4081     33.5342    1.2652    56    31.0161      36.6908
   96904.43   96836.00   96972.86    136.9     1.8350    1.3981     34.8543    0.3293     4    34.3964      35.2505
  100638.72   99798.72  101478.72   1680.0     2.8376    0.2416     58.2739    4.8350    52    51.3244      69.1406
  102324.38  101484.38  103164.38   1680.0     1.8713    0.2133     59.1396    2.1240    39    55.6421      64.0289
  104040.29  103200.29  104880.29   1680.0     1.7425    0.1923      0.0100    0.0001     0     0.0100       0.0100
  105727.68  104887.68  106567.68   1680.0     1.6896    0.1812     48.7383    1.4987    44    45.4852      52.5884
  107418.53  106578.53  108258.53   1680.0     2.0436    0.1789     48.4836    1.9850    35    45.0727      52.1034
  110990.30  110150.30  111830.30   1680.0     1.3061    0.1631     34.2525    0.7799     8    33.0467      35.3851
  112679.42  111839.42  113519.42   1680.0     0.9711    0.1578     31.8275    1.1903    52    29.4478      35.4379
  123856.13  123016.13  124696.13   1680.0     0.9300    0.3503     38.6139    0.9645    53    37.0925      40.9280
  168157.99  167258.00  169057.97   1800.0     3.0111    0.3524     99.1158    1.8484    28    95.4889     104.3033
  169956.49  169057.93  170855.05   1797.1     3.1240    0.3470     99.5526    1.7882    56    96.6269     103.7936
  171753.26  170853.71  172652.82   1799.1     3.4295    0.3544     98.8671    1.2492    19    95.8740     101.0006
  173569.13  172645.86  174492.40   1846.5     3.3974    0.3530    112.4645    2.4070    19   108.4593     118.8201
  175397.01  174497.03  176297.00   1800.0     3.1661    0.3446    119.7541    2.5357    56   113.9724     124.8430
  177195.00  176296.14  178093.86   1797.7     2.8956    0.3568    115.0486    2.7552    28   110.5396     120.7910
  178987.54  178096.97  179878.11   1781.1     3.4052    0.3513    124.5122    1.8929     8   120.9058     128.0709
  180825.09  179925.15  181725.03   1799.9     3.0527    0.3645    110.9909    4.6403    56   105.1681     123.8828
  182623.08  181723.22  183522.93   1799.7     3.2644    0.3951    111.2053    2.2344    37   105.8579     115.2574
  184422.53  183523.10  185321.95   1798.8     2.1790    0.4893      0.0100    0.0001     0     0.0100       0.0100
  186227.42  185314.61  187140.24   1825.6     2.0620    0.9065    116.7944    2.3723    31   111.0466     120.6343
  186743.23  185903.23  187583.23   1680.0     3.1666    0.2816      0.0100    0.0001     0     0.0100       0.0100
  188431.49  187591.49  189271.49   1680.0     3.7123    0.2515    111.6928    1.5818    14   109.3042     114.8588
  190128.38  189288.38  190968.38   1680.0     3.5487    0.2323      0.0100    0.0001     0     0.0100       0.0100
  191814.91  190974.91  192654.91   1680.0     3.3049    0.2167    107.0673    1.9543    49   102.2454     111.7936
  195365.09  194525.09  196205.09   1680.0     2.8134    0.1776      0.0100    0.0001     0     0.0100       0.0100
  197055.07  196215.07  197895.07   1680.0     3.5772    0.1892     94.3783    4.2963    33    87.7873     105.2751
  198742.46  197902.46  199582.46   1680.0     3.9857    0.1958    108.0534    2.5824    47   101.9113     112.1743
  200431.58  199591.58  201271.58   1680.0     3.3562    0.1955      0.0100    0.0001     0     0.0100       0.0100
  202119.84  201279.84  202959.84   1680.0     4.5199    0.2185    116.3258    1.6407    14   114.2652     119.3390
  203808.10  202968.10  204648.10   1680.0     4.3858    0.2307    114.1497    2.4232    52   109.5442     119.7838
  205497.22  204657.22  206337.22   1680.0     4.2047    0.2479    111.6920    1.6813    18   108.5459     114.3191
  214450.85  213610.85  215290.85   1680.0     3.7748    0.7319    142.1946    3.3156    41   135.4876     148.3442
  253659.00  252759.10  254558.90   1799.8     2.0725    0.3579      0.0100    0.0001     0     0.0100       0.0100
  255457.50  254558.16  256356.84   1798.7     1.3450    0.3517     70.9412    1.6813    37    67.2333      75.2669
  257255.22  256355.41  258155.04   1799.6     1.5521    0.3393     67.8990    1.2024    32    65.4721      69.9891
  259072.99  258150.07  259995.92   1845.8     1.7782    0.3152     64.2323    0.5939     7    63.2102      65.3472
  260901.04  260001.23  261800.86   1799.6     2.1655    0.3436     62.6862    1.4201    56    59.9046      66.0220
  262699.98  261800.12  263599.83   1799.7     2.3941    0.3310     63.6306    1.3356    41    60.8592      66.3801
  264495.02  263605.15  265384.90   1779.8     3.0049    0.3443      0.0100    0.0001     0     0.0100       0.0100
  266423.82  265524.09  267323.54   1799.5     2.2957    0.3446     70.6131    3.8507    56    64.3361      79.5034
  268222.58  267323.15  269122.00   1798.8     1.7076    0.3810     66.8300    1.0548    47    64.7896      69.2309
  269190.52  269120.14  269260.89    140.8     1.9695    1.1584      0.0100    0.0001     0     0.0100       0.0100
  272705.18  271865.18  273545.18   1680.0     1.1462    0.2563     51.0124    2.0286    49    47.5226      55.3615
  274516.13  273676.13  275356.13   1680.0     1.3549    0.2285     53.8904    0.0773     2    53.8131      53.9678
  276426.43  275586.43  277266.43   1680.0     1.1157    0.2057      0.0100    0.0001     0     0.0100       0.0100
  278115.55  277275.55  278955.55   1680.0     0.8270    0.1875     38.6973    0.7536    17    37.6788      40.1107
  283652.93  282812.93  284492.93   1680.0     0.7965    0.1565     42.1989    2.5265    36    37.7645      46.5761
  285343.78  284503.78  286183.78   1680.0     0.9150    0.1590     40.0978    0.8656    23    38.1603      41.6150
  287036.35  286196.35  287876.35   1680.0     0.9860    0.1666      0.0100    0.0001     0     0.0100       0.0100
  288728.93  287888.93  289568.93   1680.0     0.9789    0.1759     37.8840    1.1257    36    35.6633      40.3532
  290437.92  289597.92  291277.92   1680.0     0.5465    0.1801     38.7953    1.2985    48    35.9764      41.7135
  339805.67  338906.25  340705.10   1798.8     1.4025    0.3630     51.8956    1.1192    23    49.0394      53.9196
  341604.26  340705.35  342503.16   1797.8     1.5959    0.3513     51.6143    1.0044    56    49.1830      53.7137
  343402.93  342502.95  344302.92   1800.0     1.4723    0.3636     52.0662    0.9463    25    50.2667      53.7487
  345201.87  344301.88  346101.85   1800.0     1.9178    0.3787     58.5714    0.0007     1    58.5714      58.5714
  347001.24  346102.42  347900.06   1797.6     2.5884    0.3571     64.5754    5.2085    56    56.5688      76.4047
  348808.46  347909.47  349707.45   1798.0     3.1515    0.3720     82.9246    3.0544    35    75.2431      88.0818
  350612.15  349712.94  351511.36   1798.4     2.9881    0.3412     81.8816    0.2706     3    81.6000      82.2467
  352411.00  351511.14  353310.85   1799.7     3.3646    0.3460     77.7113    4.0922    56    70.4392      85.2085
  354209.24  353309.56  355108.93   1799.4     3.1369    0.3701     73.0546    1.3673    45    68.6038      75.4368
  355350.93  355107.93  355593.93    486.0     2.4756    0.6853      0.0100    0.0001     0     0.0100       0.0100
  362310.62  361470.62  363150.62   1680.0     2.6545    0.2161      0.0100    0.0001     0     0.0100       0.0100
  363998.88  363158.88  364838.88   1680.0     1.8416    0.1975      0.0100    0.0001     0     0.0100       0.0100
  365687.14  364847.14  366527.14   1680.0     1.3460    0.1917      0.0100    0.0001     0     0.0100       0.0100
  367378.85  366538.85  368218.85   1680.0     1.0303    0.1800      0.0100    0.0001     0     0.0100       0.0100
  369063.65  368223.65  369903.65   1680.0     0.9125    0.1820     39.7215    1.3947    40    35.9606      42.6191
  370751.90  369911.90  371591.90   1680.0     1.3214    0.1839     43.5528    1.4748    37    41.0939      46.5503
  372444.48  371604.48  373284.48   1680.0     1.3392    0.1815      0.0100    0.0001     0     0.0100       0.0100
  374138.78  373298.78  374978.78   1680.0     1.4852    0.1874     53.1858    1.1745    20    51.2756      55.9746
  375852.10  375012.10  376692.10   1680.0     1.3321    0.2057     54.0906    1.1954    53    51.6676      56.9701
  377541.22  376701.22  378381.22   1680.0     2.0686    0.2252     55.2053    1.1507     8    53.0570      57.1657
  425870.01  424970.02  426769.99   1800.0     3.7516    0.3537    128.1709    7.4155    28   112.9647     139.0044
  427614.08  426712.88  428515.27   1802.4     3.6963    0.3657    109.8758    2.7249    54   105.3903     116.5626
  429471.76  428571.95  430371.58   1799.6     3.4231    0.3335    115.9149    3.0104    20   109.2159     120.0692
  431270.44  430370.97  432169.90   1798.9     3.6355    0.3345    136.4110    1.5937    17   134.0886     141.3146
  433062.37  432174.18  433950.56   1776.4     3.4171    0.3262    129.1345    7.3162    56   118.2939     142.2971
  434904.85  434005.00  435804.71   1799.7     3.7634    0.3397    131.0368    4.7188    29   123.8951     138.6937
  436703.96  435804.02  437603.90   1799.9     3.9232    0.3386    147.5318    2.4191     8   144.0562     150.7159
  438501.25  437601.57  439400.94   1799.4     4.1434    0.3523    144.2717    5.9939    56   135.1597     157.2143
  440303.21  439392.30  441214.13   1821.8     3.9080    0.3545    144.9455    2.5395    34   139.7364     150.1878
  441376.56  441222.08  441531.05    309.0     4.5259    0.9623      0.0100    0.0001     0     0.0100       0.0100
  455587.20  454747.20  456427.20   1680.0     2.1024    0.1584     73.6066    1.9521    52    69.4300      77.9420
  457285.82  456445.82  458125.82   1680.0     1.1896    0.1528     71.5339    1.5140    16    68.4589      73.8786
  458975.81  458135.81  459815.81   1680.0     1.8267    0.1699      0.0100    0.0001     0     0.0100       0.0100
  460664.06  459824.06  461504.06   1680.0     1.7002    0.1772     72.7057    1.5713    39    69.3015      77.5335
  462468.10  461628.10  463308.10   1680.0     1.8685    0.1887     72.6847    2.4225    38    67.6135      77.4982
  512464.15  511833.21  513095.08   1261.9     2.4350    0.4837     63.0013    1.4090     9    60.4114      65.3554
  519713.02  518813.12  520612.92   1799.8     2.1937    0.3135     53.6460    6.1096    56    46.1171      65.8456
  521512.39  520612.40  522412.37   1800.0     2.5027    0.3166     65.6378    0.9737     7    64.0558      67.1542
  523310.54  522411.77  524209.32   1797.5     2.0997    0.3306     62.5276    2.3155    30    58.8474      66.1341
  525144.56  524182.19  526106.92   1924.7     2.2669    0.3327     62.8504    2.3738    29    55.8154      68.7901
  527033.09  526133.45  527932.73   1799.3     1.6428    0.3643      0.0100    0.0001     0     0.0100       0.0100
  528636.93  528127.78  529146.09   1018.3     1.2037    0.9202      0.0100    0.0001     0     0.0100       0.0100
  537973.06  537133.06  538813.06   1680.0     1.6665    0.1675      0.0100    0.0001     0     0.0100       0.0100
  539660.45  538820.45  540500.45   1680.0     2.3984    0.1698      0.0100    0.0001     0     0.0100       0.0100
  541509.41  540669.41  542349.41   1680.0     3.1277    0.1725    107.4746    2.2421    20   103.7112     112.9127
  543219.26  542379.26  544059.26   1680.0     2.9728    0.1613    105.0628    1.8640    14   101.3700     107.7103
  544906.66  544066.66  545746.66   1680.0     3.1368    0.1761      0.0100    0.0001     0     0.0100       0.0100
  546597.50  545757.50  547437.50   1680.0     4.3900    0.1960    116.5766    5.1388    39   109.3149     127.4855
  548285.76  547445.76  549125.76   1680.0     3.2927    0.2042    109.3435    4.1663    39   100.7180     116.6358
  598719.08  597819.05  599619.11   1800.1     2.6435    0.3383      0.0100    0.0001     0     0.0100       0.0100
  600517.07  599617.30  601416.84   1799.5     3.3291    0.3424      0.0100    0.0001     0     0.0100       0.0100
  602316.86  601417.01  603216.72   1799.7     3.2738    0.3380      0.0100    0.0001     0     0.0100       0.0100
  604106.12  603202.21  605010.04   1807.8     3.0105    0.3248      0.0100    0.0001     0     0.0100       0.0100
  605921.21  605021.49  606820.94   1799.5     3.1755    0.3349      0.0100    0.0001     0     0.0100       0.0100
  607720.49  606820.94  608620.05   1799.1     3.1183    0.3340      0.0100    0.0001     0     0.0100       0.0100
  609520.03  608620.09  610419.97   1799.9     3.4139    0.3429      0.0100    0.0001     0     0.0100       0.0100
  611317.67  610418.64  612216.71   1798.1     2.9414    0.3422      0.0100    0.0001     0     0.0100       0.0100
  613116.52  612217.09  614015.94   1798.8     2.7262    0.3716      0.0100    0.0001     0     0.0100       0.0100
  614080.14  614015.34  614144.94    129.6     3.4167    1.7164      0.0100    0.0001     0     0.0100       0.0100
  628804.51  627964.51  629644.51   1680.0     1.1379    0.1540      0.0100    0.0001     0     0.0100       0.0100
  630491.04  629651.04  631331.04   1680.0     2.7210    0.1770      0.0100    0.0001     0     0.0100       0.0100
  632778.91  631938.91  633618.91   1680.0     3.1278    0.2022      0.0100    0.0001     0     0.0100       0.0100
  634468.03  633628.03  635308.03   1680.0     3.4018    0.2185      0.0100    0.0001     0     0.0100       0.0100
  643534.85  642694.85  644374.85   1680.0     3.4257    0.5527      0.0100    0.0001     0     0.0100       0.0100
  684289.99  683390.05  685189.93   1799.9     2.6735    0.3554      0.0100    0.0001     0     0.0100       0.0100
  686089.96  685189.97  686989.94   1800.0     2.7322    0.3331      0.0100    0.0001     0     0.0100       0.0100
  687889.93  686989.94  688789.91   1800.0     3.2596    0.3721      0.0100    0.0001     0     0.0100       0.0100
  689690.76  688780.45  690601.07   1820.6     3.8790    0.3763      0.0100    0.0001     0     0.0100       0.0100
  691510.35  690610.97  692409.73   1798.8     3.1826    0.3725      0.0100    0.0001     0     0.0100       0.0100
  693308.42  692409.08  694207.76   1798.7     3.0925    0.3429      0.0100    0.0001     0     0.0100       0.0100
  695097.68  694217.52  695977.83   1760.3     3.3072    0.3486      0.0100    0.0001     0     0.0100       0.0100
  696929.01  696029.07  697828.95   1799.9     3.1056    0.3806      0.0100    0.0001     0     0.0100       0.0100
  698728.81  697829.21  699628.40   1799.2     3.5274    0.4195      0.0100    0.0001     0     0.0100       0.0100
  699693.64  699628.36  699758.91    130.6     4.8005    1.8622      0.0100    0.0001     0     0.0100       0.0100
  717037.06  716197.06  717877.06   1680.0     3.4989    0.1930      0.0100    0.0001     0     0.0100       0.0100
  718743.46  717903.46  719583.46   1680.0     4.3259    0.2105      0.0100    0.0001     0     0.0100       0.0100
  720451.58  719611.58  721291.58   1680.0     3.4716    0.2166      0.0100    0.0001     0     0.0100       0.0100
  722163.17  721323.17  723003.17   1680.0     4.7191    0.2463      0.0100    0.0001     0     0.0100       0.0100
  723952.51  723112.51  724792.51   1680.0     1.9979    0.1685      0.0100    0.0001     0     0.0100       0.0100
  725650.27  724810.27  726490.27   1680.0     6.5719    0.3387      0.0100    0.0001     0     0.0100       0.0100
  727348.90  726508.90  728188.90   1680.0     6.4520    0.3942      0.0100    0.0001     0     0.0100       0.0100
  729100.22  728260.22  729940.22   1680.0     5.6601    0.4934      0.0100    0.0001     0     0.0100       0.0100
  730797.98  729957.98  731637.98   1680.0     5.0820    0.6356      0.0100    0.0001     0     0.0100       0.0100
  803150.21  802310.21  803990.21   1680.0     2.5781    0.1624      0.0100    0.0001     0     0.0100       0.0100
  805689.50  804849.50  806529.50   1680.0     2.4562    0.1851      0.0100    0.0001     0     0.0100       0.0100
  807380.35  806540.35  808220.35   1680.0     2.7886    0.2066      0.0100    0.0001     0     0.0100       0.0100
  809072.93  808232.93  809912.93   1680.0     3.1229    0.2404      0.0100    0.0001     0     0.0100       0.0100
  810834.62  809994.62  811674.62   1680.0     3.5305    0.2740      0.0100    0.0001     0     0.0100       0.0100
  861233.21  860337.29  862129.14   1791.8     2.8816    0.9716      0.0100    0.0001     0     0.0100       0.0100
  863167.02  862305.05  864028.99   1723.9     3.1643    0.4687      0.0100    0.0001     0     0.0100       0.0100
  865027.47  864128.00  865926.93   1798.9     3.4334    0.3560      0.0100    0.0001     0     0.0100       0.0100
  866825.71  865926.07  867725.35   1799.3     3.4843    0.3795      0.0100    0.0001     0     0.0100       0.0100
  868627.24  867724.31  869530.16   1805.8     3.6065    0.3915      0.0100    0.0001     0     0.0100       0.0100
  870428.59  869521.09  871336.09   1815.0     3.9768    0.3774      0.0100    0.0001     0     0.0100       0.0100
  872054.38  871533.65  872575.12   1041.5     2.8436    0.6514      0.0100    0.0001     0     0.0100       0.0100
  885034.94  884194.94  885874.94   1680.0     2.0454    0.1791      0.0100    0.0001     0     0.0100       0.0100
  886189.25  885349.25  887029.25   1680.0     2.7683    0.2998      0.0100    0.0001     0     0.0100       0.0100
  889072.42  888232.42  889912.42   1680.0     2.1998    0.1868      0.0100    0.0001     0     0.0100       0.0100
  890226.72  889386.72  891066.72   1680.0     1.1070    0.2917      0.0100    0.0001     0     0.0100       0.0100
  953073.99  952174.05  953973.93   1799.9     0.9666    0.3943      0.0100    0.0001     0     0.0100       0.0100
  954871.55  953972.34  955770.76   1798.4     0.9893    0.3410      0.0100    0.0001     0     0.0100       0.0100
  956670.05  955770.06  957570.03   1800.0     1.1572    0.3709      0.0100    0.0001     0     0.0100       0.0100
  958468.90  957569.39  959368.41   1799.0     1.7895    0.4086      0.0100    0.0001     0     0.0100       0.0100
  959519.95  959367.93  959671.97    304.0     1.0840    0.9618      0.0100    0.0001     0     0.0100       0.0100
  981392.54  980552.54  982232.54   1680.0     1.2461    0.1845      0.0100    0.0001     0     0.0100       0.0100
 1041294.10 1040394.07 1042194.13   1800.1     1.9459    0.3484      0.0100    0.0001     0     0.0100       0.0100
 1043094.15 1042194.30 1043994.01   1799.7     2.3672    0.3675      0.0100    0.0001     0     0.0100       0.0100
 1065544.42 1064704.42 1066384.42   1680.0     2.0108    0.3953      0.0100    0.0001     0     0.0100       0.0100
 1066156.99 1065316.99 1066996.99   1680.0     1.7947    0.3921      0.0100    0.0001     0     0.0100       0.0100
 1154632.32 1153792.32 1155472.32   1680.0     1.1894    0.2019      0.0100    0.0001     0     0.0100       0.0100
